728354,1416.0000,1487.0000,1496.0000,1495.0000,1501.0000,1503.0000,1486.0000,1480.0000,56.1584,22.6045,0.0000,0.0000,2021-06-30 13:59:47
728355,1416.0000,1487.0000,1498.0000,1495.0000,1497.0000,1503.0000,1486.0000,1480.0000,56.1768,22.6146,0.0000,0.0000,2021-06-30 13:59:50
728356,1417.0000,1486.0000,1496.0000,1495.0000,1496.0000,1504.0000,1487.0000,1479.0000,56.1951,22.6045,0.0000,0.0000,2021-06-30 13:59:53
728357,1415.0000,1486.0000,1498.0000,1495.0000,1496.0000,1501.0000,1487.0000,1480.0000,56.2134,22.6045,0.0000,0.0000,2021-06-30 13:59:57
728358,1416.0000,1484.0000,1498.0000,1495.0000,1496.0000,1503.0000,1487.0000,1478.0000,56.2134,22.6045,0.0000,0.0000,2021-06-30 14:00:00
728359,1416.0000,1485.0000,1497.0000,1493.0000,1496.0000,1503.0000,1486.0000,1480.0000,56.2378,22.6045,0.0000,0.0000,2021-06-30 14:00:03
728360,1416.0000,1486.0000,1497.0000,1495.0000,1495.0000,1502.0000,1486.0000,1481.0000,56.2378,22.6045,0.0000,0.0000,2021-06-30 14:00:06
728361,1416.0000,1486.0000,1496.0000,1489.0000,1494.0000,1502.0000,1485.0000,1479.0000,56.2378,22.6045,0.0000,0.0000,2021-06-30 14:00:10
728362,1416.0000,1484.0000,1494.0000,1494.0000,1495.0000,1504.0000,1485.0000,1478.0000,56.2378,22.6045,0.0000,0.0000,2021-06-30 14:00:13
728363,1415.0000,1486.0000,1493.0000,1495.0000,1496.0000,1501.0000,1486.0000,1479.0000,56.2378,22.5843,0.0000,0.0000,2021-06-30 14:00:16
728364,1416.0000,1486.0000,1496.0000,1494.0000,1496.0000,1503.0000,1486.0000,1479.0000,56.2378,22.6045,0.0000,0.0000,2021-06-30 14:00:19
728365,1416.0000,1487.0000,1496.0000,1495.0000,1496.0000,1503.0000,1485.0000,1479.0000,56.2378,22.5843,0.0000,0.0000,2021-06-30 14:00:23
728366,1415.0000,1486.0000,1496.0000,1492.0000,1496.0000,1503.0000,1486.0000,1479.0000,56.2378,22.5843,0.0000,0.0000,2021-06-30 14:00:26
728367,1415.0000,1486.0000,1496.0000,1496.0000,1496.0000,1503.0000,1486.0000,1478.0000,56.2134,22.5843,0.0000,0.0000,2021-06-30 14:00:29
728368,1416.0000,1484.0000,1493.0000,1494.0000,1494.0000,1501.0000,1484.0000,1478.0000,56.2134,22.6045,0.0000,0.0000,2021-06-30 14:00:33
728369,1415.0000,1485.0000,1494.0000,1494.0000,1497.0000,1502.0000,1485.0000,1478.0000,56.2378,22.5843,0.0000,0.0000,2021-06-30 14:00:36
728370,1412.0000,1484.0000,1496.0000,1494.0000,1495.0000,1501.0000,1486.0000,1475.0000,56.2134,22.5843,0.0000,0.0000,2021-06-30 14:00:39
728371,1415.0000,1483.0000,1496.0000,1494.0000,1494.0000,1502.0000,1486.0000,1478.0000,56.2134,22.5843,0.0000,0.0000,2021-06-30 14:00:42
728372,1415.0000,1484.0000,1496.0000,1493.0000,1495.0000,1502.0000,1485.0000,1479.0000,56.2256,22.5743,0.0000,0.0000,2021-06-30 14:00:46
728373,1417.0000,1486.0000,1495.0000,1497.0000,1495.0000,1502.0000,1485.0000,1478.0000,56.2073,22.5743,0.0000,0.0000,2021-06-30 14:00:49
728374,1415.0000,1485.0000,1496.0000,1494.0000,1494.0000,1502.0000,1481.0000,1478.0000,56.2073,22.5743,0.0000,0.0000,2021-06-30 14:00:52
728375,1415.0000,1486.0000,1496.0000,1493.0000,1495.0000,1502.0000,1485.0000,1478.0000,56.2134,22.5843,0.0000,0.0000,2021-06-30 14:00:55
728376,1414.0000,1491.0000,1495.0000,1493.0000,1495.0000,1502.0000,1485.0000,1478.0000,56.2073,22.5743,0.0000,0.0000,2021-06-30 14:00:59
728377,1414.0000,1484.0000,1493.0000,1492.0000,1495.0000,1502.0000,1485.0000,1478.0000,56.2073,22.5743,0.0000,0.0000,2021-06-30 14:01:02
728378,1414.0000,1485.0000,1494.0000,1492.0000,1495.0000,1501.0000,1485.0000,1481.0000,56.2073,22.5743,0.0000,0.0000,2021-06-30 14:01:05
728379,1414.0000,1487.0000,1495.0000,1494.0000,1495.0000,1501.0000,1485.0000,1478.0000,56.2134,22.5843,0.0000,0.0000,2021-06-30 14:01:08
728380,1414.0000,1483.0000,1495.0000,1493.0000,1494.0000,1502.0000,1485.0000,1477.0000,56.2134,22.5843,0.0000,0.0000,2021-06-30 14:01:12
728381,1414.0000,1484.0000,1494.0000,1493.0000,1494.0000,1501.0000,1486.0000,1478.0000,56.2134,22.5843,0.0000,0.0000,2021-06-30 14:01:15
728382,1412.0000,1485.0000,1495.0000,1493.0000,1494.0000,1501.0000,1484.0000,1478.0000,56.2073,22.5743,0.0000,0.0000,2021-06-30 14:01:18
728383,1415.0000,1484.0000,1494.0000,1493.0000,1495.0000,1501.0000,1485.0000,1477.0000,56.2073,22.5743,0.0000,0.0000,2021-06-30 14:01:21
728384,1414.0000,1484.0000,1495.0000,1493.0000,1494.0000,1501.0000,1483.0000,1478.0000,56.2073,22.5743,0.0000,0.0000,2021-06-30 14:01:25
728385,1414.0000,1484.0000,1495.0000,1491.0000,1494.0000,1502.0000,1488.0000,1478.0000,56.2073,22.5743,0.0000,0.0000,2021-06-30 14:01:28
728386,1414.0000,1485.0000,1492.0000,1493.0000,1494.0000,1501.0000,1485.0000,1478.0000,56.2073,22.5743,0.0000,0.0000,2021-06-30 14:01:31
728387,1415.0000,1482.0000,1495.0000,1493.0000,1494.0000,1501.0000,1483.0000,1478.0000,56.2073,22.5743,0.0000,0.0000,2021-06-30 14:01:35
728388,1414.0000,1484.0000,1494.0000,1493.0000,1493.0000,1501.0000,1485.0000,1480.0000,56.2073,22.5743,0.0000,0.0000,2021-06-30 14:01:38
728389,1409.0000,1484.0000,1492.0000,1494.0000,1493.0000,1501.0000,1485.0000,1477.0000,56.2134,22.5843,0.0000,0.0000,2021-06-30 14:01:41
728390,1413.0000,1489.0000,1495.0000,1490.0000,1494.0000,1501.0000,1481.0000,1477.0000,56.2073,22.5743,0.0000,0.0000,2021-06-30 14:01:44
728391,1414.0000,1485.0000,1494.0000,1491.0000,1494.0000,1500.0000,1484.0000,1477.0000,56.2073,22.5642,0.0000,0.0000,2021-06-30 14:01:48
728392,1413.0000,1485.0000,1494.0000,1492.0000,1494.0000,1500.0000,1484.0000,1476.0000,56.2073,22.5743,0.0000,0.0000,2021-06-30 14:01:51
728393,1414.0000,1484.0000,1492.0000,1493.0000,1494.0000,1500.0000,1485.0000,1477.0000,56.2073,22.5743,0.0000,0.0000,2021-06-30 14:01:54
728394,1414.0000,1483.0000,1493.0000,1493.0000,1493.0000,1500.0000,1484.0000,1477.0000,56.2073,22.5743,0.0000,0.0000,2021-06-30 14:01:57
728395,1412.0000,1484.0000,1494.0000,1492.0000,1493.0000,1500.0000,1484.0000,1477.0000,56.2073,22.5743,0.0000,0.0000,2021-06-30 14:02:00
728396,1412.0000,1483.0000,1494.0000,1492.0000,1494.0000,1500.0000,1483.0000,1477.0000,56.2073,22.5743,0.0000,0.0000,2021-06-30 14:02:04
728397,1406.0000,1484.0000,1492.0000,1492.0000,1493.0000,1500.0000,1483.0000,1477.0000,56.2073,22.5743,0.0000,0.0000,2021-06-30 14:02:07
728398,1413.0000,1484.0000,1495.0000,1492.0000,1494.0000,1500.0000,1484.0000,1478.0000,56.1890,22.5743,0.0000,0.0000,2021-06-30 14:02:10
728399,1412.0000,1484.0000,1494.0000,1492.0000,1493.0000,1500.0000,1484.0000,1476.0000,56.2073,22.5743,0.0000,0.0000,2021-06-30 14:02:13
728400,1412.0000,1482.0000,1492.0000,1494.0000,1493.0000,1501.0000,1483.0000,1476.0000,56.2073,22.5743,0.0000,0.0000,2021-06-30 14:02:17
728401,1414.0000,1483.0000,1493.0000,1490.0000,1493.0000,1500.0000,1483.0000,1477.0000,56.2073,22.5743,0.0000,0.0000,2021-06-30 14:02:20
728402,1412.0000,1483.0000,1493.0000,1492.0000,1493.0000,1500.0000,1483.0000,1477.0000,56.2073,22.5642,0.0000,0.0000,2021-06-30 14:02:23
728403,1412.0000,1481.0000,1493.0000,1493.0000,1496.0000,1499.0000,1484.0000,1475.0000,56.1890,22.5743,0.0000,0.0000,2021-06-30 14:02:26
728404,1413.0000,1481.0000,1493.0000,1488.0000,1493.0000,1501.0000,1483.0000,1477.0000,56.1890,22.5743,0.0000,0.0000,2021-06-30 14:02:30
728405,1412.0000,1481.0000,1494.0000,1492.0000,1493.0000,1500.0000,1483.0000,1476.0000,56.1890,22.5743,0.0000,0.0000,2021-06-30 14:02:33
728406,1413.0000,1482.0000,1493.0000,1490.0000,1493.0000,1500.0000,1483.0000,1476.0000,56.1890,22.5743,0.0000,0.0000,2021-06-30 14:02:36
728407,1416.0000,1483.0000,1493.0000,1490.0000,1493.0000,1499.0000,1483.0000,1476.0000,56.1707,22.5743,0.0000,0.0000,2021-06-30 14:02:39
728408,1412.0000,1481.0000,1492.0000,1492.0000,1493.0000,1501.0000,1483.0000,1476.0000,56.1890,22.5743,0.0000,0.0000,2021-06-30 14:02:43
728409,1413.0000,1482.0000,1491.0000,1492.0000,1493.0000,1499.0000,1482.0000,1476.0000,56.1768,22.5843,0.0000,0.0000,2021-06-30 14:02:46
728410,1412.0000,1484.0000,1493.0000,1491.0000,1493.0000,1499.0000,1482.0000,1476.0000,56.1707,22.5642,0.0000,0.0000,2021-06-30 14:02:49
728411,1413.0000,1483.0000,1492.0000,1492.0000,1492.0000,1500.0000,1479.0000,1476.0000,56.1707,22.5743,0.0000,0.0000,2021-06-30 14:02:52
728412,1413.0000,1483.0000,1493.0000,1491.0000,1492.0000,1499.0000,1483.0000,1476.0000,56.1707,22.5642,0.0000,0.0000,2021-06-30 14:02:56
728413,1412.0000,1482.0000,1492.0000,1493.0000,1492.0000,1499.0000,1483.0000,1476.0000,56.1707,22.5743,0.0000,0.0000,2021-06-30 14:02:59
728414,1412.0000,1483.0000,1493.0000,1492.0000,1492.0000,1499.0000,1482.0000,1476.0000,56.1707,22.5743,0.0000,0.0000,2021-06-30 14:03:02
728415,1413.0000,1483.0000,1492.0000,1491.0000,1492.0000,1499.0000,1482.0000,1477.0000,56.1523,22.5743,0.0000,0.0000,2021-06-30 14:03:06
728416,1412.0000,1482.0000,1492.0000,1489.0000,1491.0000,1499.0000,1482.0000,1476.0000,56.1584,22.5843,0.0000,0.0000,2021-06-30 14:03:09
728417,1412.0000,1480.0000,1492.0000,1492.0000,1492.0000,1499.0000,1482.0000,1475.0000,56.1523,22.5743,0.0000,0.0000,2021-06-30 14:03:12
728418,1412.0000,1482.0000,1492.0000,1491.0000,1492.0000,1499.0000,1481.0000,1474.0000,56.1523,22.5743,0.0000,0.0000,2021-06-30 14:03:15
728419,1414.0000,1482.0000,1492.0000,1491.0000,1492.0000,1499.0000,1482.0000,1477.0000,56.1340,22.5743,0.0000,0.0000,2021-06-30 14:03:18
728420,1412.0000,1482.0000,1492.0000,1490.0000,1493.0000,1497.0000,1481.0000,1476.0000,56.1340,22.5743,0.0000,0.0000,2021-06-30 14:03:22
728421,1412.0000,1483.0000,1492.0000,1490.0000,1492.0000,1498.0000,1482.0000,1478.0000,56.1340,22.5743,0.0000,0.0000,2021-06-30 14:03:25
728422,1411.0000,1482.0000,1492.0000,1489.0000,1491.0000,1500.0000,1482.0000,1475.0000,56.1340,22.5743,0.0000,0.0000,2021-06-30 14:03:28
728423,1412.0000,1482.0000,1491.0000,1490.0000,1496.0000,1500.0000,1482.0000,1475.0000,56.1340,22.5743,0.0000,0.0000,2021-06-30 14:03:31
728424,1412.0000,1484.0000,1490.0000,1491.0000,1492.0000,1498.0000,1482.0000,1475.0000,56.1157,22.5642,0.0000,0.0000,2021-06-30 14:03:35
728425,1412.0000,1482.0000,1490.0000,1490.0000,1492.0000,1499.0000,1481.0000,1475.0000,56.1157,22.5743,0.0000,0.0000,2021-06-30 14:03:38
728426,1414.0000,1482.0000,1489.0000,1490.0000,1492.0000,1499.0000,1482.0000,1475.0000,56.1157,22.5743,0.0000,0.0000,2021-06-30 14:03:41
728427,1413.0000,1481.0000,1492.0000,1490.0000,1492.0000,1498.0000,1481.0000,1475.0000,56.1218,22.5843,0.0000,0.0000,2021-06-30 14:03:44
728428,1411.0000,1480.0000,1492.0000,1490.0000,1491.0000,1498.0000,1481.0000,1475.0000,56.1218,22.5843,0.0000,0.0000,2021-06-30 14:03:48
728429,1412.0000,1481.0000,1493.0000,1491.0000,1492.0000,1498.0000,1482.0000,1475.0000,56.1035,22.5843,0.0000,0.0000,2021-06-30 14:03:51
728430,1411.0000,1480.0000,1492.0000,1489.0000,1494.0000,1498.0000,1481.0000,1475.0000,56.0974,22.5642,0.0000,0.0000,2021-06-30 14:03:54
728431,1411.0000,1483.0000,1491.0000,1490.0000,1491.0000,1498.0000,1481.0000,1475.0000,56.0974,22.5743,0.0000,0.0000,2021-06-30 14:03:58
728432,1412.0000,1480.0000,1491.0000,1490.0000,1491.0000,1498.0000,1481.0000,1475.0000,56.0974,22.5743,0.0000,0.0000,2021-06-30 14:04:01
728433,1410.0000,1481.0000,1493.0000,1490.0000,1491.0000,1498.0000,1481.0000,1474.0000,56.1035,22.5843,0.0000,0.0000,2021-06-30 14:04:04
728434,1411.0000,1481.0000,1491.0000,1490.0000,1491.0000,1497.0000,1480.0000,1475.0000,56.0791,22.5743,0.0000,0.0000,2021-06-30 14:04:07
728435,1411.0000,1480.0000,1491.0000,1490.0000,1491.0000,1498.0000,1481.0000,1474.0000,56.0974,22.5743,0.0000,0.0000,2021-06-30 14:04:11
728436,1410.0000,1480.0000,1491.0000,1488.0000,1491.0000,1498.0000,1482.0000,1475.0000,56.0791,22.5743,0.0000,0.0000,2021-06-30 14:04:14
728437,1409.0000,1486.0000,1491.0000,1490.0000,1492.0000,1498.0000,1481.0000,1474.0000,56.0791,22.5743,0.0000,0.0000,2021-06-30 14:04:17
728438,1409.0000,1480.0000,1491.0000,1491.0000,1491.0000,1498.0000,1481.0000,1474.0000,56.0791,22.5743,0.0000,0.0000,2021-06-30 14:04:20
728439,1411.0000,1482.0000,1491.0000,1490.0000,1491.0000,1497.0000,1481.0000,1470.0000,56.0791,22.5743,0.0000,0.0000,2021-06-30 14:04:24
728440,1408.0000,1480.0000,1491.0000,1490.0000,1492.0000,1497.0000,1480.0000,1474.0000,56.0791,22.5743,0.0000,0.0000,2021-06-30 14:04:27
728441,1410.0000,1481.0000,1491.0000,1490.0000,1492.0000,1499.0000,1480.0000,1474.0000,56.0730,22.5843,0.0000,0.0000,2021-06-30 14:04:30
728442,1412.0000,1479.0000,1491.0000,1488.0000,1491.0000,1497.0000,1481.0000,1474.0000,56.0608,22.5743,0.0000,0.0000,2021-06-30 14:04:33
728443,1410.0000,1481.0000,1490.0000,1488.0000,1489.0000,1497.0000,1481.0000,1474.0000,56.0608,22.5743,0.0000,0.0000,2021-06-30 14:04:36
728444,1411.0000,1481.0000,1488.0000,1489.0000,1491.0000,1497.0000,1481.0000,1474.0000,56.0730,22.5843,0.0000,0.0000,2021-06-30 14:04:40
728445,1409.0000,1480.0000,1491.0000,1489.0000,1491.0000,1498.0000,1480.0000,1475.0000,56.0608,22.5743,0.0000,0.0000,2021-06-30 14:04:43
728446,1410.0000,1482.0000,1490.0000,1488.0000,1490.0000,1497.0000,1480.0000,1470.0000,56.0608,22.5743,0.0000,0.0000,2021-06-30 14:04:46
728447,1410.0000,1481.0000,1491.0000,1488.0000,1490.0000,1497.0000,1480.0000,1474.0000,56.0608,22.5743,0.0000,0.0000,2021-06-30 14:04:49
728448,1410.0000,1481.0000,1490.0000,1490.0000,1489.0000,1496.0000,1480.0000,1474.0000,56.0730,22.5843,0.0000,0.0000,2021-06-30 14:04:53
728449,1412.0000,1481.0000,1490.0000,1489.0000,1488.0000,1496.0000,1480.0000,1473.0000,56.0425,22.5743,0.0000,0.0000,2021-06-30 14:04:56
728450,1408.0000,1482.0000,1489.0000,1493.0000,1491.0000,1498.0000,1480.0000,1474.0000,56.0181,22.5743,0.0000,0.0000,2021-06-30 14:04:59
728451,1410.0000,1481.0000,1491.0000,1489.0000,1490.0000,1497.0000,1480.0000,1474.0000,56.0425,22.5743,0.0000,0.0000,2021-06-30 14:05:02
728452,1404.0000,1476.0000,1490.0000,1490.0000,1490.0000,1497.0000,1481.0000,1474.0000,56.0425,22.5743,0.0000,0.0000,2021-06-30 14:05:06
728453,1408.0000,1480.0000,1490.0000,1483.0000,1490.0000,1496.0000,1480.0000,1474.0000,56.0181,22.5743,0.0000,0.0000,2021-06-30 14:05:09
728454,1408.0000,1480.0000,1489.0000,1489.0000,1490.0000,1497.0000,1481.0000,1474.0000,56.0303,22.5843,0.0000,0.0000,2021-06-30 14:05:12
728455,1410.0000,1480.0000,1490.0000,1488.0000,1490.0000,1497.0000,1480.0000,1473.0000,56.0303,22.5843,0.0000,0.0000,2021-06-30 14:05:15
728456,1410.0000,1480.0000,1488.0000,1491.0000,1490.0000,1498.0000,1479.0000,1474.0000,56.0181,22.5743,0.0000,0.0000,2021-06-30 14:05:19
728457,1408.0000,1480.0000,1488.0000,1488.0000,1489.0000,1498.0000,1480.0000,1473.0000,56.0181,22.5743,0.0000,0.0000,2021-06-30 14:05:22
728458,1408.0000,1480.0000,1490.0000,1488.0000,1491.0000,1497.0000,1478.0000,1473.0000,56.0303,22.5843,0.0000,0.0000,2021-06-30 14:05:25
728459,1410.0000,1480.0000,1488.0000,1489.0000,1490.0000,1497.0000,1480.0000,1473.0000,56.0303,22.5843,0.0000,0.0000,2021-06-30 14:05:28
728460,1410.0000,1480.0000,1489.0000,1488.0000,1489.0000,1496.0000,1481.0000,1473.0000,56.0181,22.5743,0.0000,0.0000,2021-06-30 14:05:32
728461,1410.0000,1480.0000,1489.0000,1488.0000,1490.0000,1496.0000,1480.0000,1473.0000,56.0181,22.5743,0.0000,0.0000,2021-06-30 14:05:35
728462,1408.0000,1480.0000,1491.0000,1483.0000,1490.0000,1496.0000,1479.0000,1473.0000,56.0120,22.5843,0.0000,0.0000,2021-06-30 14:05:38
728463,1412.0000,1480.0000,1490.0000,1488.0000,1489.0000,1496.0000,1479.0000,1473.0000,56.0181,22.5743,0.0000,0.0000,2021-06-30 14:05:41
728464,1434.0000,1480.0000,1488.0000,1488.0000,1488.0000,1496.0000,1480.0000,1475.0000,55.9998,22.5743,0.0000,0.0000,2021-06-30 14:05:45
728465,1448.0000,1480.0000,1491.0000,1488.0000,1488.0000,1496.0000,1483.0000,1482.0000,56.0120,22.5843,0.0000,0.0000,2021-06-30 14:05:48
728466,1448.0000,1480.0000,1489.0000,1486.0000,1489.0000,1495.0000,1485.0000,1487.0000,55.9998,22.5743,0.0000,0.0000,2021-06-30 14:05:51
728467,1458.0000,1478.0000,1489.0000,1488.0000,1490.0000,1496.0000,1487.0000,1489.0000,55.9998,22.5743,0.0000,0.0000,2021-06-30 14:05:55
728468,1461.0000,1480.0000,1488.0000,1490.0000,1489.0000,1496.0000,1489.0000,1491.0000,55.9998,22.5743,0.0000,0.0000,2021-06-30 14:05:58
728469,1460.0000,1479.0000,1489.0000,1489.0000,1490.0000,1496.0000,1490.0000,1492.0000,56.0120,22.5843,0.0000,0.0000,2021-06-30 14:06:01
728470,1464.0000,1480.0000,1489.0000,1490.0000,1488.0000,1497.0000,1490.0000,1494.0000,55.9937,22.5843,0.0000,0.0000,2021-06-30 14:06:04
728471,1440.0000,1481.0000,1492.0000,1487.0000,1490.0000,1498.0000,1490.0000,1491.0000,55.9875,22.5743,0.0000,0.0000,2021-06-30 14:06:08
728472,1445.0000,1480.0000,1492.0000,1484.0000,1491.0000,1497.0000,1488.0000,1488.0000,55.9937,22.5843,0.0000,0.0000,2021-06-30 14:06:11
728473,1447.0000,1480.0000,1491.0000,1486.0000,1491.0000,1496.0000,1489.0000,1488.0000,55.9937,22.5843,0.0000,0.0000,2021-06-30 14:06:14
728474,1444.0000,1481.0000,1491.0000,1490.0000,1490.0000,1497.0000,1489.0000,1489.0000,55.9937,22.5843,0.0000,0.0000,2021-06-30 14:06:17
728475,1445.0000,1484.0000,1492.0000,1490.0000,1489.0000,1496.0000,1489.0000,1489.0000,55.9753,22.5843,0.0000,0.0000,2021-06-30 14:06:20
728476,1444.0000,1481.0000,1490.0000,1490.0000,1491.0000,1497.0000,1489.0000,1488.0000,55.9937,22.6045,0.0000,0.0000,2021-06-30 14:06:24
728477,1440.0000,1481.0000,1490.0000,1490.0000,1490.0000,1497.0000,1489.0000,1488.0000,55.9937,22.6045,0.0000,0.0000,2021-06-30 14:06:27
728478,1438.0000,1482.0000,1492.0000,1490.0000,1490.0000,1496.0000,1489.0000,1487.0000,55.9753,22.6045,0.0000,0.0000,2021-06-30 14:06:30
728479,1436.0000,1480.0000,1492.0000,1490.0000,1491.0000,1497.0000,1488.0000,1486.0000,55.9753,22.5843,0.0000,0.0000,2021-06-30 14:06:33
728480,1434.0000,1482.0000,1493.0000,1490.0000,1491.0000,1498.0000,1488.0000,1486.0000,55.9753,22.5843,0.0000,0.0000,2021-06-30 14:06:37
728481,1431.0000,1482.0000,1491.0000,1491.0000,1491.0000,1498.0000,1487.0000,1484.0000,55.9753,22.5843,0.0000,0.0000,2021-06-30 14:06:40
728482,1428.0000,1483.0000,1492.0000,1490.0000,1492.0000,1497.0000,1487.0000,1483.0000,55.9753,22.5843,0.0000,0.0000,2021-06-30 14:06:43
728483,1427.0000,1478.0000,1492.0000,1490.0000,1492.0000,1497.0000,1484.0000,1482.0000,55.9753,22.5843,0.0000,0.0000,2021-06-30 14:06:46
728484,1422.0000,1482.0000,1492.0000,1491.0000,1491.0000,1497.0000,1486.0000,1481.0000,55.9570,22.5843,0.0000,0.0000,2021-06-30 14:06:50
728485,1419.0000,1482.0000,1492.0000,1488.0000,1490.0000,1497.0000,1486.0000,1479.0000,55.9570,22.5843,0.0000,0.0000,2021-06-30 14:06:53
728486,1416.0000,1482.0000,1492.0000,1490.0000,1490.0000,1497.0000,1484.0000,1480.0000,55.9570,22.5843,0.0000,0.0000,2021-06-30 14:06:56
728487,1411.0000,1479.0000,1491.0000,1492.0000,1492.0000,1496.0000,1484.0000,1477.0000,55.9570,22.5843,0.0000,0.0000,2021-06-30 14:06:59
728488,1408.0000,1481.0000,1491.0000,1490.0000,1491.0000,1497.0000,1481.0000,1476.0000,55.9570,22.5843,0.0000,0.0000,2021-06-30 14:07:03
728489,1404.0000,1482.0000,1491.0000,1491.0000,1490.0000,1496.0000,1481.0000,1474.0000,55.9570,22.5843,0.0000,0.0000,2021-06-30 14:07:06
728490,1401.0000,1480.0000,1491.0000,1492.0000,1491.0000,1497.0000,1479.0000,1472.0000,55.9570,22.5843,0.0000,0.0000,2021-06-30 14:07:09
728491,1397.0000,1481.0000,1492.0000,1489.0000,1490.0000,1497.0000,1480.0000,1470.0000,55.9326,22.5743,0.0000,0.0000,2021-06-30 14:07:12
728492,1394.0000,1481.0000,1488.0000,1490.0000,1491.0000,1495.0000,1479.0000,1468.0000,55.9570,22.5843,0.0000,0.0000,2021-06-30 14:07:16
728493,1388.0000,1481.0000,1490.0000,1489.0000,1489.0000,1499.0000,1478.0000,1468.0000,55.9326,22.5743,0.0000,0.0000,2021-06-30 14:07:19
728494,1385.0000,1480.0000,1489.0000,1491.0000,1491.0000,1496.0000,1478.0000,1466.0000,55.9326,22.5642,0.0000,0.0000,2021-06-30 14:07:22
728495,1377.0000,1480.0000,1490.0000,1491.0000,1490.0000,1496.0000,1475.0000,1464.0000,55.9326,22.5743,0.0000,0.0000,2021-06-30 14:07:25
728496,1378.0000,1480.0000,1490.0000,1490.0000,1489.0000,1494.0000,1474.0000,1462.0000,55.9326,22.5743,0.0000,0.0000,2021-06-30 14:07:28
728497,1372.0000,1480.0000,1491.0000,1488.0000,1491.0000,1496.0000,1474.0000,1460.0000,55.9387,22.6045,0.0000,0.0000,2021-06-30 14:07:32
728498,1368.0000,1479.0000,1489.0000,1486.0000,1490.0000,1497.0000,1471.0000,1458.0000,55.9387,22.5843,0.0000,0.0000,2021-06-30 14:07:35
728499,1354.0000,1480.0000,1489.0000,1485.0000,1489.0000,1495.0000,1471.0000,1456.0000,55.9326,22.5743,0.0000,0.0000,2021-06-30 14:07:38
728500,1358.0000,1479.0000,1489.0000,1487.0000,1489.0000,1497.0000,1469.0000,1455.0000,55.9387,22.5843,0.0000,0.0000,2021-06-30 14:07:41
728501,1358.0000,1482.0000,1487.0000,1487.0000,1488.0000,1495.0000,1469.0000,1453.0000,55.9387,22.5843,0.0000,0.0000,2021-06-30 14:07:45
728502,1356.0000,1477.0000,1488.0000,1485.0000,1489.0000,1495.0000,1467.0000,1452.0000,55.9387,22.5843,0.0000,0.0000,2021-06-30 14:07:48
728503,1356.0000,1476.0000,1489.0000,1484.0000,1488.0000,1496.0000,1466.0000,1451.0000,55.9387,22.5843,0.0000,0.0000,2021-06-30 14:07:51
728504,1356.0000,1478.0000,1488.0000,1484.0000,1488.0000,1495.0000,1465.0000,1451.0000,55.9387,22.5843,0.0000,0.0000,2021-06-30 14:07:54
728505,1352.0000,1478.0000,1485.0000,1484.0000,1488.0000,1495.0000,1465.0000,1450.0000,55.9204,22.5843,0.0000,0.0000,2021-06-30 14:07:58
728506,1352.0000,1478.0000,1487.0000,1485.0000,1486.0000,1495.0000,1465.0000,1449.0000,55.9204,22.5843,0.0000,0.0000,2021-06-30 14:08:01
728507,1352.0000,1476.0000,1487.0000,1485.0000,1486.0000,1494.0000,1464.0000,1448.0000,55.9387,22.5843,0.0000,0.0000,2021-06-30 14:08:04
728508,1352.0000,1476.0000,1486.0000,1485.0000,1486.0000,1494.0000,1463.0000,1448.0000,55.9021,22.5843,0.0000,0.0000,2021-06-30 14:08:07
728509,1351.0000,1478.0000,1483.0000,1485.0000,1482.0000,1494.0000,1462.0000,1449.0000,55.9204,22.5843,0.0000,0.0000,2021-06-30 14:08:11
728510,1347.0000,1475.0000,1486.0000,1484.0000,1486.0000,1493.0000,1462.0000,1447.0000,55.9021,22.5843,0.0000,0.0000,2021-06-30 14:08:14
728511,1348.0000,1475.0000,1484.0000,1480.0000,1485.0000,1493.0000,1462.0000,1447.0000,55.9021,22.5843,0.0000,0.0000,2021-06-30 14:08:17
728512,1348.0000,1476.0000,1484.0000,1483.0000,1485.0000,1493.0000,1461.0000,1446.0000,55.9204,22.5843,0.0000,0.0000,2021-06-30 14:08:20
728513,1346.0000,1474.0000,1486.0000,1482.0000,1484.0000,1492.0000,1462.0000,1446.0000,55.9021,22.5843,0.0000,0.0000,2021-06-30 14:08:24
728514,1348.0000,1475.0000,1484.0000,1481.0000,1484.0000,1492.0000,1460.0000,1446.0000,55.9021,22.5843,0.0000,0.0000,2021-06-30 14:08:27
728515,1346.0000,1474.0000,1484.0000,1482.0000,1484.0000,1492.0000,1460.0000,1444.0000,55.9021,22.6045,0.0000,0.0000,2021-06-30 14:08:30
728516,1347.0000,1474.0000,1484.0000,1481.0000,1484.0000,1492.0000,1460.0000,1445.0000,55.8838,22.6045,0.0000,0.0000,2021-06-30 14:08:33
728517,1350.0000,1475.0000,1485.0000,1482.0000,1484.0000,1492.0000,1458.0000,1444.0000,55.8716,22.5843,0.0000,0.0000,2021-06-30 14:08:36
728518,1344.0000,1474.0000,1482.0000,1480.0000,1483.0000,1492.0000,1459.0000,1443.0000,55.8716,22.6146,0.0000,0.0000,2021-06-30 14:08:40
728519,1348.0000,1473.0000,1480.0000,1481.0000,1481.0000,1492.0000,1459.0000,1444.0000,55.8716,22.6146,0.0000,0.0000,2021-06-30 14:08:43
728520,1345.0000,1472.0000,1482.0000,1480.0000,1482.0000,1491.0000,1457.0000,1443.0000,55.8716,22.6146,0.0000,0.0000,2021-06-30 14:08:46
728521,1344.0000,1473.0000,1481.0000,1480.0000,1483.0000,1486.0000,1458.0000,1443.0000,55.8533,22.6146,0.0000,0.0000,2021-06-30 14:08:49
728522,1344.0000,1472.0000,1480.0000,1480.0000,1482.0000,1491.0000,1459.0000,1442.0000,55.8533,22.6146,0.0000,0.0000,2021-06-30 14:08:53
728523,1344.0000,1470.0000,1481.0000,1479.0000,1482.0000,1491.0000,1457.0000,1442.0000,55.8533,22.6146,0.0000,0.0000,2021-06-30 14:08:56
728524,1344.0000,1472.0000,1474.0000,1477.0000,1481.0000,1489.0000,1457.0000,1442.0000,55.8350,22.6146,0.0000,0.0000,2021-06-30 14:08:59
728525,1344.0000,1472.0000,1480.0000,1479.0000,1482.0000,1489.0000,1456.0000,1442.0000,55.8350,22.6146,0.0000,0.0000,2021-06-30 14:09:02
728526,1342.0000,1468.0000,1480.0000,1478.0000,1479.0000,1489.0000,1456.0000,1441.0000,55.8105,22.6146,0.0000,0.0000,2021-06-30 14:09:06
728527,1342.0000,1471.0000,1478.0000,1478.0000,1482.0000,1490.0000,1456.0000,1441.0000,55.8167,22.6246,0.0000,0.0000,2021-06-30 14:09:09
728528,1342.0000,1464.0000,1479.0000,1478.0000,1480.0000,1488.0000,1456.0000,1442.0000,55.8167,22.6246,0.0000,0.0000,2021-06-30 14:09:12
728529,1340.0000,1470.0000,1481.0000,1478.0000,1480.0000,1491.0000,1456.0000,1441.0000,55.8167,22.6246,0.0000,0.0000,2021-06-30 14:09:15
728530,1342.0000,1473.0000,1479.0000,1476.0000,1480.0000,1490.0000,1456.0000,1440.0000,55.7983,22.6448,0.0000,0.0000,2021-06-30 14:09:19
728531,1340.0000,1470.0000,1479.0000,1477.0000,1480.0000,1489.0000,1456.0000,1440.0000,55.7983,22.6448,0.0000,0.0000,2021-06-30 14:09:22
728532,1340.0000,1470.0000,1481.0000,1476.0000,1480.0000,1488.0000,1455.0000,1439.0000,55.7800,22.6246,0.0000,0.0000,2021-06-30 14:09:25
728533,1340.0000,1468.0000,1478.0000,1476.0000,1480.0000,1488.0000,1455.0000,1442.0000,55.7800,22.6448,0.0000,0.0000,2021-06-30 14:09:28
728534,1340.0000,1472.0000,1477.0000,1477.0000,1479.0000,1488.0000,1454.0000,1439.0000,55.7678,22.6246,0.0000,0.0000,2021-06-30 14:09:31
728535,1339.0000,1470.0000,1476.0000,1476.0000,1479.0000,1488.0000,1455.0000,1439.0000,55.7495,22.6448,0.0000,0.0000,2021-06-30 14:09:35
728536,1340.0000,1468.0000,1478.0000,1477.0000,1478.0000,1487.0000,1454.0000,1438.0000,55.7495,22.6448,0.0000,0.0000,2021-06-30 14:09:38
728537,1340.0000,1469.0000,1478.0000,1474.0000,1478.0000,1489.0000,1452.0000,1442.0000,55.7495,22.6448,0.0000,0.0000,2021-06-30 14:09:41
728538,1340.0000,1466.0000,1479.0000,1475.0000,1478.0000,1487.0000,1452.0000,1438.0000,55.7312,22.6549,0.0000,0.0000,2021-06-30 14:09:44
728539,1336.0000,1466.0000,1477.0000,1473.0000,1478.0000,1487.0000,1453.0000,1438.0000,55.7312,22.6549,0.0000,0.0000,2021-06-30 14:09:48
728540,1338.0000,1466.0000,1476.0000,1474.0000,1477.0000,1487.0000,1452.0000,1438.0000,55.7129,22.6549,0.0000,0.0000,2021-06-30 14:09:51
728541,1340.0000,1467.0000,1476.0000,1474.0000,1479.0000,1486.0000,1451.0000,1436.0000,55.7007,22.6750,0.0000,0.0000,2021-06-30 14:09:54
728542,1339.0000,1468.0000,1475.0000,1474.0000,1477.0000,1486.0000,1452.0000,1437.0000,55.7007,22.6750,0.0000,0.0000,2021-06-30 14:09:57
728543,1338.0000,1467.0000,1475.0000,1474.0000,1476.0000,1486.0000,1452.0000,1436.0000,55.6946,22.6549,0.0000,0.0000,2021-06-30 14:10:01
728544,1338.0000,1465.0000,1473.0000,1474.0000,1477.0000,1486.0000,1452.0000,1436.0000,55.7007,22.6750,0.0000,0.0000,2021-06-30 14:10:04
728545,1336.0000,1465.0000,1473.0000,1472.0000,1475.0000,1486.0000,1451.0000,1436.0000,55.6824,22.6750,0.0000,0.0000,2021-06-30 14:10:07
728546,1334.0000,1466.0000,1475.0000,1473.0000,1476.0000,1486.0000,1451.0000,1436.0000,55.6641,22.6951,0.0000,0.0000,2021-06-30 14:10:10
728547,1337.0000,1466.0000,1472.0000,1474.0000,1477.0000,1485.0000,1452.0000,1436.0000,55.6641,22.6750,0.0000,0.0000,2021-06-30 14:10:14
728548,1336.0000,1466.0000,1474.0000,1472.0000,1476.0000,1485.0000,1451.0000,1436.0000,55.6519,22.6851,0.0000,0.0000,2021-06-30 14:10:17
728549,1336.0000,1466.0000,1474.0000,1472.0000,1476.0000,1485.0000,1450.0000,1436.0000,55.6519,22.6851,0.0000,0.0000,2021-06-30 14:10:20
728550,1336.0000,1466.0000,1474.0000,1472.0000,1475.0000,1484.0000,1450.0000,1435.0000,55.6335,22.6851,0.0000,0.0000,2021-06-30 14:10:23
728551,1336.0000,1467.0000,1475.0000,1472.0000,1476.0000,1485.0000,1450.0000,1436.0000,55.6152,22.6951,0.0000,0.0000,2021-06-30 14:10:27
728552,1335.0000,1465.0000,1471.0000,1472.0000,1475.0000,1484.0000,1450.0000,1430.0000,55.6152,22.6851,0.0000,0.0000,2021-06-30 14:10:30
728553,1336.0000,1466.0000,1473.0000,1471.0000,1475.0000,1484.0000,1449.0000,1435.0000,55.5908,22.6951,0.0000,0.0000,2021-06-30 14:10:33
728554,1336.0000,1464.0000,1474.0000,1472.0000,1474.0000,1482.0000,1450.0000,1435.0000,55.5908,22.6951,0.0000,0.0000,2021-06-30 14:10:36
728555,1332.0000,1464.0000,1472.0000,1471.0000,1476.0000,1481.0000,1449.0000,1433.0000,55.5786,22.7153,0.0000,0.0000,2021-06-30 14:10:39
728556,1335.0000,1464.0000,1469.0000,1470.0000,1474.0000,1484.0000,1448.0000,1434.0000,55.5786,22.7153,0.0000,0.0000,2021-06-30 14:10:43
728557,1334.0000,1464.0000,1473.0000,1471.0000,1473.0000,1483.0000,1449.0000,1434.0000,55.5603,22.7153,0.0000,0.0000,2021-06-30 14:10:46
728558,1334.0000,1462.0000,1470.0000,1470.0000,1474.0000,1482.0000,1448.0000,1434.0000,55.5481,22.7153,0.0000,0.0000,2021-06-30 14:10:49
728559,1329.0000,1464.0000,1472.0000,1473.0000,1473.0000,1483.0000,1448.0000,1434.0000,55.5481,22.7153,0.0000,0.0000,2021-06-30 14:10:52
728560,1334.0000,1464.0000,1471.0000,1470.0000,1474.0000,1483.0000,1449.0000,1433.0000,55.5298,22.7253,0.0000,0.0000,2021-06-30 14:10:56
728561,1332.0000,1462.0000,1472.0000,1469.0000,1473.0000,1483.0000,1448.0000,1433.0000,55.5115,22.7253,0.0000,0.0000,2021-06-30 14:10:59
728562,1333.0000,1462.0000,1471.0000,1470.0000,1473.0000,1482.0000,1447.0000,1433.0000,55.5115,22.7253,0.0000,0.0000,2021-06-30 14:11:02
728563,1334.0000,1463.0000,1471.0000,1469.0000,1472.0000,1482.0000,1448.0000,1434.0000,55.4932,22.7253,0.0000,0.0000,2021-06-30 14:11:05
728564,1332.0000,1460.0000,1469.0000,1469.0000,1472.0000,1482.0000,1447.0000,1434.0000,55.4749,22.7354,0.0000,0.0000,2021-06-30 14:11:09
728565,1333.0000,1462.0000,1471.0000,1469.0000,1473.0000,1480.0000,1447.0000,1432.0000,55.4749,22.7354,0.0000,0.0000,2021-06-30 14:11:12
728566,1335.0000,1462.0000,1469.0000,1467.0000,1473.0000,1482.0000,1446.0000,1432.0000,55.4565,22.7354,0.0000,0.0000,2021-06-30 14:11:15
728567,1332.0000,1462.0000,1471.0000,1468.0000,1472.0000,1482.0000,1448.0000,1432.0000,55.4565,22.7354,0.0000,0.0000,2021-06-30 14:11:18
728568,1332.0000,1460.0000,1471.0000,1463.0000,1475.0000,1481.0000,1447.0000,1432.0000,55.4443,22.7556,0.0000,0.0000,2021-06-30 14:11:22
728569,1332.0000,1461.0000,1470.0000,1468.0000,1472.0000,1482.0000,1447.0000,1432.0000,55.4321,22.7556,0.0000,0.0000,2021-06-30 14:11:25
728570,1329.0000,1460.0000,1470.0000,1468.0000,1472.0000,1480.0000,1446.0000,1431.0000,55.4199,22.7354,0.0000,0.0000,2021-06-30 14:11:28
728571,1332.0000,1464.0000,1469.0000,1467.0000,1471.0000,1480.0000,1446.0000,1432.0000,55.4138,22.7656,0.0000,0.0000,2021-06-30 14:11:32
728572,1331.0000,1462.0000,1468.0000,1468.0000,1471.0000,1481.0000,1446.0000,1431.0000,55.3894,22.7556,0.0000,0.0000,2021-06-30 14:11:35
728573,1333.0000,1461.0000,1469.0000,1468.0000,1471.0000,1481.0000,1446.0000,1430.0000,55.3894,22.7858,0.0000,0.0000,2021-06-30 14:11:38
728574,1331.0000,1461.0000,1469.0000,1468.0000,1471.0000,1480.0000,1446.0000,1431.0000,55.3711,22.7656,0.0000,0.0000,2021-06-30 14:11:41
728575,1332.0000,1462.0000,1468.0000,1467.0000,1471.0000,1481.0000,1445.0000,1432.0000,55.3711,22.7858,0.0000,0.0000,2021-06-30 14:11:44
728576,1328.0000,1460.0000,1469.0000,1467.0000,1471.0000,1481.0000,1445.0000,1430.0000,55.3711,22.7656,0.0000,0.0000,2021-06-30 14:11:48
728577,1332.0000,1461.0000,1468.0000,1466.0000,1469.0000,1480.0000,1445.0000,1430.0000,55.3345,22.7858,0.0000,0.0000,2021-06-30 14:11:51
728578,1330.0000,1460.0000,1468.0000,1467.0000,1470.0000,1479.0000,1445.0000,1430.0000,55.3162,22.7858,0.0000,0.0000,2021-06-30 14:11:54
728579,1329.0000,1458.0000,1469.0000,1467.0000,1470.0000,1480.0000,1443.0000,1429.0000,55.3284,22.7959,0.0000,0.0000,2021-06-30 14:11:57
728580,1330.0000,1458.0000,1468.0000,1467.0000,1470.0000,1478.0000,1444.0000,1430.0000,55.3101,22.7959,0.0000,0.0000,2021-06-30 14:12:01
728581,1330.0000,1460.0000,1468.0000,1467.0000,1471.0000,1479.0000,1444.0000,1429.0000,55.3101,22.7959,0.0000,0.0000,2021-06-30 14:12:04
728582,1330.0000,1460.0000,1468.0000,1466.0000,1469.0000,1479.0000,1445.0000,1430.0000,55.2917,22.7959,0.0000,0.0000,2021-06-30 14:12:07
728583,1330.0000,1459.0000,1468.0000,1466.0000,1469.0000,1478.0000,1444.0000,1429.0000,55.2917,22.8059,0.0000,0.0000,2021-06-30 14:12:11
728584,1330.0000,1457.0000,1467.0000,1466.0000,1468.0000,1479.0000,1443.0000,1429.0000,55.2734,22.8059,0.0000,0.0000,2021-06-30 14:12:14
728585,1329.0000,1459.0000,1467.0000,1467.0000,1472.0000,1478.0000,1444.0000,1428.0000,55.2551,22.8059,0.0000,0.0000,2021-06-30 14:12:17
728586,1329.0000,1458.0000,1467.0000,1466.0000,1469.0000,1478.0000,1443.0000,1429.0000,55.2368,22.8059,0.0000,0.0000,2021-06-30 14:12:20
728587,1327.0000,1459.0000,1467.0000,1465.0000,1469.0000,1478.0000,1443.0000,1429.0000,55.2368,22.8059,0.0000,0.0000,2021-06-30 14:12:24
728588,1329.0000,1458.0000,1467.0000,1465.0000,1469.0000,1478.0000,1443.0000,1424.0000,55.2185,22.8261,0.0000,0.0000,2021-06-30 14:12:27
728589,1329.0000,1456.0000,1467.0000,1464.0000,1468.0000,1481.0000,1441.0000,1428.0000,55.2002,22.8261,0.0000,0.0000,2021-06-30 14:12:30
728590,1328.0000,1457.0000,1466.0000,1464.0000,1468.0000,1479.0000,1443.0000,1429.0000,55.1819,22.8261,0.0000,0.0000,2021-06-30 14:12:33
728591,1328.0000,1457.0000,1466.0000,1465.0000,1467.0000,1476.0000,1442.0000,1427.0000,55.1941,22.8361,0.0000,0.0000,2021-06-30 14:12:37
728592,1328.0000,1458.0000,1466.0000,1464.0000,1468.0000,1478.0000,1442.0000,1428.0000,55.1758,22.8361,0.0000,0.0000,2021-06-30 14:12:40
728593,1330.0000,1457.0000,1468.0000,1464.0000,1468.0000,1477.0000,1442.0000,1428.0000,55.1758,22.8462,0.0000,0.0000,2021-06-30 14:12:43
728594,1330.0000,1458.0000,1465.0000,1459.0000,1467.0000,1477.0000,1442.0000,1427.0000,55.1514,22.8462,0.0000,0.0000,2021-06-30 14:12:47
728595,1328.0000,1458.0000,1466.0000,1464.0000,1467.0000,1477.0000,1441.0000,1427.0000,55.1514,22.8361,0.0000,0.0000,2021-06-30 14:12:50
728596,1328.0000,1457.0000,1466.0000,1464.0000,1466.0000,1477.0000,1441.0000,1426.0000,55.1331,22.8462,0.0000,0.0000,2021-06-30 14:12:53
728597,1326.0000,1457.0000,1464.0000,1463.0000,1467.0000,1473.0000,1441.0000,1426.0000,55.1147,22.8462,0.0000,0.0000,2021-06-30 14:12:56
728598,1327.0000,1457.0000,1465.0000,1463.0000,1466.0000,1475.0000,1441.0000,1428.0000,55.1147,22.8462,0.0000,0.0000,2021-06-30 14:13:00
728599,1327.0000,1457.0000,1464.0000,1463.0000,1466.0000,1477.0000,1442.0000,1427.0000,55.0781,22.8664,0.0000,0.0000,2021-06-30 14:13:03
728600,1326.0000,1456.0000,1464.0000,1463.0000,1467.0000,1476.0000,1442.0000,1427.0000,55.0964,22.8462,0.0000,0.0000,2021-06-30 14:13:06
728601,1328.0000,1456.0000,1461.0000,1463.0000,1466.0000,1475.0000,1441.0000,1424.0000,55.0598,22.8664,0.0000,0.0000,2021-06-30 14:13:09
728602,1331.0000,1454.0000,1464.0000,1463.0000,1466.0000,1475.0000,1440.0000,1426.0000,55.0598,22.8664,0.0000,0.0000,2021-06-30 14:13:12
728603,1326.0000,1456.0000,1464.0000,1462.0000,1466.0000,1476.0000,1441.0000,1426.0000,55.0598,22.8664,0.0000,0.0000,2021-06-30 14:13:16
728604,1326.0000,1456.0000,1464.0000,1461.0000,1466.0000,1476.0000,1440.0000,1426.0000,55.0537,22.8764,0.0000,0.0000,2021-06-30 14:13:19
728605,1326.0000,1453.0000,1464.0000,1464.0000,1465.0000,1475.0000,1440.0000,1425.0000,55.0232,22.8664,0.0000,0.0000,2021-06-30 14:13:22
728606,1326.0000,1455.0000,1465.0000,1462.0000,1466.0000,1475.0000,1439.0000,1426.0000,55.0171,22.8764,0.0000,0.0000,2021-06-30 14:13:25
728607,1324.0000,1455.0000,1464.0000,1460.0000,1466.0000,1475.0000,1440.0000,1426.0000,55.0171,22.8865,0.0000,0.0000,2021-06-30 14:13:29
728608,1326.0000,1455.0000,1464.0000,1462.0000,1466.0000,1476.0000,1440.0000,1425.0000,55.0171,22.8764,0.0000,0.0000,2021-06-30 14:13:32
728609,1325.0000,1454.0000,1463.0000,1462.0000,1465.0000,1475.0000,1440.0000,1425.0000,54.9805,22.8865,0.0000,0.0000,2021-06-30 14:13:35
728610,1326.0000,1449.0000,1463.0000,1461.0000,1466.0000,1474.0000,1439.0000,1425.0000,54.9805,22.8865,0.0000,0.0000,2021-06-30 14:13:39
728611,1324.0000,1454.0000,1461.0000,1460.0000,1465.0000,1472.0000,1438.0000,1425.0000,54.9805,22.8865,0.0000,0.0000,2021-06-30 14:13:42
728612,1320.0000,1454.0000,1463.0000,1461.0000,1464.0000,1474.0000,1438.0000,1425.0000,54.9622,22.9066,0.0000,0.0000,2021-06-30 14:13:45
728613,1324.0000,1446.0000,1463.0000,1461.0000,1463.0000,1474.0000,1439.0000,1424.0000,54.9438,22.8865,0.0000,0.0000,2021-06-30 14:13:48
728614,1323.0000,1455.0000,1461.0000,1460.0000,1464.0000,1474.0000,1435.0000,1424.0000,54.9561,22.9167,0.0000,0.0000,2021-06-30 14:13:51
728615,1324.0000,1454.0000,1463.0000,1460.0000,1464.0000,1474.0000,1438.0000,1425.0000,54.9255,22.9066,0.0000,0.0000,2021-06-30 14:13:55
728616,1317.0000,1454.0000,1462.0000,1460.0000,1462.0000,1474.0000,1439.0000,1425.0000,54.9255,22.9066,0.0000,0.0000,2021-06-30 14:13:58
728617,1324.0000,1454.0000,1462.0000,1461.0000,1464.0000,1473.0000,1440.0000,1424.0000,54.9011,22.9066,0.0000,0.0000,2021-06-30 14:14:01
728618,1324.0000,1452.0000,1462.0000,1460.0000,1464.0000,1473.0000,1439.0000,1424.0000,54.8828,22.9066,0.0000,0.0000,2021-06-30 14:14:04
728619,1324.0000,1454.0000,1460.0000,1460.0000,1465.0000,1474.0000,1437.0000,1422.0000,54.8828,22.9066,0.0000,0.0000,2021-06-30 14:14:08
728620,1324.0000,1448.0000,1459.0000,1456.0000,1464.0000,1473.0000,1438.0000,1424.0000,54.8767,22.9167,0.0000,0.0000,2021-06-30 14:14:11
728621,1322.0000,1452.0000,1461.0000,1460.0000,1463.0000,1473.0000,1438.0000,1425.0000,54.8584,22.9167,0.0000,0.0000,2021-06-30 14:14:14
728622,1325.0000,1453.0000,1461.0000,1460.0000,1463.0000,1473.0000,1438.0000,1424.0000,54.8584,22.9369,0.0000,0.0000,2021-06-30 14:14:17
728623,1324.0000,1453.0000,1461.0000,1459.0000,1463.0000,1473.0000,1437.0000,1422.0000,54.8584,22.9369,0.0000,0.0000,2021-06-30 14:14:21
728624,1321.0000,1452.0000,1463.0000,1460.0000,1463.0000,1473.0000,1437.0000,1424.0000,54.8401,22.9369,0.0000,0.0000,2021-06-30 14:14:24
728625,1323.0000,1454.0000,1461.0000,1459.0000,1463.0000,1473.0000,1437.0000,1423.0000,54.8401,22.9369,0.0000,0.0000,2021-06-30 14:14:27
728626,1322.0000,1452.0000,1461.0000,1460.0000,1462.0000,1472.0000,1437.0000,1423.0000,54.8218,22.9469,0.0000,0.0000,2021-06-30 14:14:30
728627,1322.0000,1452.0000,1461.0000,1459.0000,1458.0000,1472.0000,1437.0000,1422.0000,54.8035,22.9369,0.0000,0.0000,2021-06-30 14:14:34
728628,1323.0000,1452.0000,1460.0000,1459.0000,1462.0000,1472.0000,1437.0000,1423.0000,54.8035,22.9469,0.0000,0.0000,2021-06-30 14:14:37
728629,1323.0000,1452.0000,1460.0000,1459.0000,1463.0000,1472.0000,1439.0000,1424.0000,54.7852,22.9469,0.0000,0.0000,2021-06-30 14:14:40
728630,1322.0000,1451.0000,1459.0000,1458.0000,1462.0000,1472.0000,1436.0000,1422.0000,54.7852,22.9469,0.0000,0.0000,2021-06-30 14:14:43
728631,1322.0000,1452.0000,1461.0000,1458.0000,1461.0000,1471.0000,1436.0000,1422.0000,54.7729,22.9469,0.0000,0.0000,2021-06-30 14:14:47
728632,1322.0000,1451.0000,1460.0000,1459.0000,1462.0000,1472.0000,1437.0000,1422.0000,54.7546,22.9469,0.0000,0.0000,2021-06-30 14:14:50
728633,1324.0000,1452.0000,1459.0000,1458.0000,1463.0000,1471.0000,1436.0000,1422.0000,54.7607,22.9570,0.0000,0.0000,2021-06-30 14:14:53
728634,1322.0000,1452.0000,1460.0000,1456.0000,1461.0000,1471.0000,1436.0000,1422.0000,54.7546,22.9369,0.0000,0.0000,2021-06-30 14:14:56
728635,1322.0000,1449.0000,1460.0000,1458.0000,1461.0000,1472.0000,1436.0000,1421.0000,54.7424,22.9570,0.0000,0.0000,2021-06-30 14:15:00
728636,1320.0000,1453.0000,1459.0000,1458.0000,1461.0000,1470.0000,1435.0000,1422.0000,54.7424,22.9771,0.0000,0.0000,2021-06-30 14:15:03
728637,1322.0000,1449.0000,1459.0000,1458.0000,1461.0000,1471.0000,1436.0000,1421.0000,54.7058,22.9570,0.0000,0.0000,2021-06-30 14:15:06
728638,1321.0000,1450.0000,1459.0000,1458.0000,1461.0000,1468.0000,1434.0000,1421.0000,54.7058,22.9771,0.0000,0.0000,2021-06-30 14:15:09
728639,1322.0000,1448.0000,1457.0000,1456.0000,1461.0000,1471.0000,1435.0000,1419.0000,54.7058,22.9570,0.0000,0.0000,2021-06-30 14:15:13
728640,1320.0000,1451.0000,1460.0000,1457.0000,1461.0000,1471.0000,1435.0000,1421.0000,54.6875,22.9771,0.0000,0.0000,2021-06-30 14:15:16
728641,1321.0000,1450.0000,1457.0000,1456.0000,1461.0000,1471.0000,1435.0000,1422.0000,54.6875,22.9771,0.0000,0.0000,2021-06-30 14:15:19
728642,1321.0000,1451.0000,1458.0000,1457.0000,1461.0000,1470.0000,1435.0000,1421.0000,54.6631,22.9872,0.0000,0.0000,2021-06-30 14:15:22
728643,1323.0000,1451.0000,1456.0000,1456.0000,1460.0000,1471.0000,1435.0000,1420.0000,54.6509,22.9872,0.0000,0.0000,2021-06-30 14:15:26
728644,1326.0000,1450.0000,1453.0000,1456.0000,1460.0000,1466.0000,1431.0000,1420.0000,54.6509,22.9771,0.0000,0.0000,2021-06-30 14:15:29
728645,1320.0000,1450.0000,1458.0000,1457.0000,1460.0000,1470.0000,1435.0000,1420.0000,54.6326,22.9872,0.0000,0.0000,2021-06-30 14:15:32
728646,1321.0000,1451.0000,1458.0000,1457.0000,1461.0000,1470.0000,1435.0000,1419.0000,54.6326,22.9872,0.0000,0.0000,2021-06-30 14:15:36
728647,1321.0000,1449.0000,1458.0000,1456.0000,1460.0000,1469.0000,1435.0000,1420.0000,54.6143,22.9872,0.0000,0.0000,2021-06-30 14:15:39
728648,1320.0000,1448.0000,1457.0000,1456.0000,1459.0000,1469.0000,1435.0000,1421.0000,54.6143,22.9872,0.0000,0.0000,2021-06-30 14:15:42
728649,1320.0000,1450.0000,1456.0000,1458.0000,1460.0000,1471.0000,1434.0000,1420.0000,54.6021,22.9973,0.0000,0.0000,2021-06-30 14:15:45
728650,1320.0000,1451.0000,1457.0000,1456.0000,1460.0000,1469.0000,1434.0000,1420.0000,54.6021,22.9973,0.0000,0.0000,2021-06-30 14:15:49
728651,1320.0000,1449.0000,1458.0000,1455.0000,1459.0000,1469.0000,1434.0000,1419.0000,54.5837,22.9973,0.0000,0.0000,2021-06-30 14:15:52
728652,1320.0000,1448.0000,1457.0000,1454.0000,1459.0000,1469.0000,1434.0000,1420.0000,54.5837,23.0275,0.0000,0.0000,2021-06-30 14:15:55
728653,1318.0000,1448.0000,1457.0000,1454.0000,1459.0000,1469.0000,1433.0000,1420.0000,54.5837,22.9973,0.0000,0.0000,2021-06-30 14:15:58
728654,1320.0000,1449.0000,1455.0000,1450.0000,1457.0000,1469.0000,1432.0000,1419.0000,54.5654,23.0174,0.0000,0.0000,2021-06-30 14:16:02
728655,1320.0000,1448.0000,1457.0000,1456.0000,1459.0000,1470.0000,1433.0000,1419.0000,54.5654,23.0275,0.0000,0.0000,2021-06-30 14:16:05
728656,1321.0000,1448.0000,1458.0000,1455.0000,1459.0000,1469.0000,1433.0000,1419.0000,54.5532,23.0174,0.0000,0.0000,2021-06-30 14:16:08
728657,1318.0000,1448.0000,1456.0000,1457.0000,1457.0000,1468.0000,1433.0000,1419.0000,54.5349,23.0275,0.0000,0.0000,2021-06-30 14:16:11
728658,1316.0000,1448.0000,1457.0000,1454.0000,1458.0000,1468.0000,1433.0000,1419.0000,54.5349,23.0275,0.0000,0.0000,2021-06-30 14:16:14
728659,1320.0000,1446.0000,1457.0000,1455.0000,1458.0000,1469.0000,1432.0000,1418.0000,54.5166,22.9973,0.0000,0.0000,2021-06-30 14:16:18
728660,1320.0000,1448.0000,1456.0000,1455.0000,1458.0000,1468.0000,1433.0000,1418.0000,54.5166,23.0275,0.0000,0.0000,2021-06-30 14:16:21
728661,1318.0000,1448.0000,1457.0000,1453.0000,1458.0000,1468.0000,1433.0000,1418.0000,54.5227,23.0577,0.0000,0.0000,2021-06-30 14:16:24
728662,1326.0000,1447.0000,1450.0000,1454.0000,1458.0000,1468.0000,1433.0000,1419.0000,54.4983,23.0275,0.0000,0.0000,2021-06-30 14:16:27
728663,1321.0000,1447.0000,1456.0000,1455.0000,1458.0000,1468.0000,1432.0000,1419.0000,54.5044,23.0476,0.0000,0.0000,2021-06-30 14:16:30
728664,1318.0000,1448.0000,1455.0000,1454.0000,1458.0000,1468.0000,1432.0000,1418.0000,54.4983,23.0275,0.0000,0.0000,2021-06-30 14:16:34
728665,1320.0000,1448.0000,1454.0000,1454.0000,1458.0000,1468.0000,1432.0000,1417.0000,54.4678,23.0476,0.0000,0.0000,2021-06-30 14:16:37
728666,1318.0000,1446.0000,1455.0000,1456.0000,1458.0000,1467.0000,1432.0000,1417.0000,54.4678,23.0476,0.0000,0.0000,2021-06-30 14:16:40
728667,1318.0000,1449.0000,1455.0000,1454.0000,1457.0000,1467.0000,1432.0000,1418.0000,54.4678,23.0476,0.0000,0.0000,2021-06-30 14:16:44
728668,1318.0000,1442.0000,1456.0000,1454.0000,1458.0000,1468.0000,1432.0000,1417.0000,54.4495,23.0476,0.0000,0.0000,2021-06-30 14:16:47
728669,1314.0000,1446.0000,1456.0000,1454.0000,1456.0000,1467.0000,1432.0000,1417.0000,54.4495,23.0476,0.0000,0.0000,2021-06-30 14:16:50
728670,1316.0000,1440.0000,1455.0000,1454.0000,1457.0000,1467.0000,1431.0000,1417.0000,54.4373,23.0476,0.0000,0.0000,2021-06-30 14:16:53
728671,1317.0000,1446.0000,1454.0000,1454.0000,1457.0000,1467.0000,1431.0000,1417.0000,54.4373,23.0577,0.0000,0.0000,2021-06-30 14:16:56
728672,1312.0000,1445.0000,1456.0000,1454.0000,1457.0000,1465.0000,1431.0000,1417.0000,54.4373,23.0577,0.0000,0.0000,2021-06-30 14:17:00
728673,1318.0000,1448.0000,1455.0000,1448.0000,1458.0000,1467.0000,1430.0000,1417.0000,54.4189,23.0577,0.0000,0.0000,2021-06-30 14:17:03
728674,1315.0000,1444.0000,1456.0000,1453.0000,1457.0000,1466.0000,1430.0000,1417.0000,54.4189,23.0577,0.0000,0.0000,2021-06-30 14:17:06
728675,1317.0000,1439.0000,1455.0000,1452.0000,1457.0000,1466.0000,1430.0000,1417.0000,54.4006,23.0678,0.0000,0.0000,2021-06-30 14:17:09
728676,1316.0000,1447.0000,1455.0000,1453.0000,1456.0000,1467.0000,1431.0000,1417.0000,54.4189,23.0678,0.0000,0.0000,2021-06-30 14:17:13
728677,1316.0000,1446.0000,1458.0000,1453.0000,1456.0000,1466.0000,1431.0000,1418.0000,54.4006,23.0678,0.0000,0.0000,2021-06-30 14:17:16
728678,1316.0000,1445.0000,1455.0000,1452.0000,1456.0000,1466.0000,1431.0000,1416.0000,54.3823,23.0879,0.0000,0.0000,2021-06-30 14:17:19
728679,1317.0000,1447.0000,1454.0000,1452.0000,1456.0000,1465.0000,1431.0000,1416.0000,54.3762,23.0577,0.0000,0.0000,2021-06-30 14:17:22
728680,1317.0000,1445.0000,1454.0000,1452.0000,1456.0000,1466.0000,1430.0000,1417.0000,54.3579,23.0678,0.0000,0.0000,2021-06-30 14:17:26
728681,1318.0000,1446.0000,1453.0000,1452.0000,1455.0000,1466.0000,1430.0000,1416.0000,54.3579,23.0678,0.0000,0.0000,2021-06-30 14:17:29
728682,1316.0000,1446.0000,1454.0000,1452.0000,1456.0000,1467.0000,1430.0000,1417.0000,54.3396,23.0678,0.0000,0.0000,2021-06-30 14:17:32
728683,1320.0000,1442.0000,1452.0000,1454.0000,1455.0000,1466.0000,1431.0000,1420.0000,54.3457,23.0879,0.0000,0.0000,2021-06-30 14:17:35
728684,1317.0000,1445.0000,1454.0000,1452.0000,1456.0000,1466.0000,1430.0000,1416.0000,54.3335,23.0879,0.0000,0.0000,2021-06-30 14:17:39
728685,1316.0000,1445.0000,1454.0000,1452.0000,1455.0000,1466.0000,1430.0000,1416.0000,54.3213,23.0678,0.0000,0.0000,2021-06-30 14:17:42
728686,1316.0000,1445.0000,1452.0000,1452.0000,1456.0000,1466.0000,1430.0000,1416.0000,54.3335,23.0879,0.0000,0.0000,2021-06-30 14:17:45
728687,1316.0000,1444.0000,1454.0000,1452.0000,1456.0000,1465.0000,1430.0000,1416.0000,54.3152,23.0879,0.0000,0.0000,2021-06-30 14:17:48
728688,1316.0000,1445.0000,1449.0000,1454.0000,1457.0000,1464.0000,1430.0000,1416.0000,54.3152,23.0980,0.0000,0.0000,2021-06-30 14:17:52
728689,1316.0000,1444.0000,1453.0000,1453.0000,1455.0000,1465.0000,1430.0000,1415.0000,54.2969,23.0879,0.0000,0.0000,2021-06-30 14:17:55
728690,1316.0000,1444.0000,1453.0000,1452.0000,1455.0000,1468.0000,1429.0000,1416.0000,54.2969,23.0879,0.0000,0.0000,2021-06-30 14:17:58
728691,1314.0000,1442.0000,1453.0000,1452.0000,1454.0000,1465.0000,1429.0000,1415.0000,54.2969,23.1081,0.0000,0.0000,2021-06-30 14:18:01
728692,1318.0000,1444.0000,1453.0000,1451.0000,1454.0000,1465.0000,1429.0000,1415.0000,54.2786,23.0980,0.0000,0.0000,2021-06-30 14:18:04
728693,1318.0000,1441.0000,1451.0000,1452.0000,1454.0000,1465.0000,1428.0000,1414.0000,54.2786,23.0980,0.0000,0.0000,2021-06-30 14:18:08
728694,1314.0000,1446.0000,1450.0000,1451.0000,1454.0000,1464.0000,1429.0000,1415.0000,54.2847,23.1282,0.0000,0.0000,2021-06-30 14:18:11
728695,1315.0000,1444.0000,1453.0000,1451.0000,1455.0000,1464.0000,1429.0000,1415.0000,54.2603,23.0980,0.0000,0.0000,2021-06-30 14:18:14
728696,1317.0000,1442.0000,1453.0000,1451.0000,1454.0000,1464.0000,1429.0000,1415.0000,54.2603,23.1081,0.0000,0.0000,2021-06-30 14:18:17
728697,1314.0000,1444.0000,1452.0000,1451.0000,1454.0000,1464.0000,1429.0000,1414.0000,54.2419,23.0980,0.0000,0.0000,2021-06-30 14:18:21
728698,1315.0000,1444.0000,1450.0000,1449.0000,1454.0000,1464.0000,1428.0000,1414.0000,54.2419,23.0980,0.0000,0.0000,2021-06-30 14:18:24
728699,1313.0000,1444.0000,1453.0000,1451.0000,1454.0000,1465.0000,1428.0000,1415.0000,54.2419,23.1081,0.0000,0.0000,2021-06-30 14:18:27
728700,1314.0000,1444.0000,1454.0000,1450.0000,1454.0000,1463.0000,1428.0000,1414.0000,54.2419,23.0980,0.0000,0.0000,2021-06-30 14:18:30
728701,1314.0000,1444.0000,1450.0000,1450.0000,1455.0000,1464.0000,1428.0000,1415.0000,54.2297,23.1282,0.0000,0.0000,2021-06-30 14:18:34
728702,1315.0000,1437.0000,1452.0000,1453.0000,1454.0000,1464.0000,1427.0000,1414.0000,54.2236,23.1081,0.0000,0.0000,2021-06-30 14:18:37
728703,1314.0000,1442.0000,1451.0000,1448.0000,1454.0000,1464.0000,1428.0000,1414.0000,54.2053,23.1081,0.0000,0.0000,2021-06-30 14:18:40
728704,1314.0000,1442.0000,1452.0000,1450.0000,1453.0000,1464.0000,1428.0000,1415.0000,54.2175,23.1282,0.0000,0.0000,2021-06-30 14:18:43
728705,1316.0000,1442.0000,1453.0000,1448.0000,1454.0000,1464.0000,1428.0000,1414.0000,54.1870,23.1081,0.0000,0.0000,2021-06-30 14:18:46
728706,1314.0000,1440.0000,1452.0000,1452.0000,1453.0000,1462.0000,1429.0000,1413.0000,54.1870,23.1081,0.0000,0.0000,2021-06-30 14:18:50
728707,1314.0000,1444.0000,1451.0000,1450.0000,1452.0000,1463.0000,1428.0000,1414.0000,54.1992,23.1282,0.0000,0.0000,2021-06-30 14:18:53
728708,1312.0000,1442.0000,1451.0000,1450.0000,1453.0000,1463.0000,1427.0000,1414.0000,54.1809,23.1282,0.0000,0.0000,2021-06-30 14:18:56
728709,1314.0000,1440.0000,1451.0000,1449.0000,1453.0000,1463.0000,1428.0000,1413.0000,54.1809,23.1282,0.0000,0.0000,2021-06-30 14:18:59
728710,1314.0000,1442.0000,1451.0000,1450.0000,1453.0000,1462.0000,1427.0000,1413.0000,54.1809,23.1383,0.0000,0.0000,2021-06-30 14:19:03
728711,1314.0000,1442.0000,1449.0000,1449.0000,1453.0000,1463.0000,1426.0000,1413.0000,54.1626,23.1383,0.0000,0.0000,2021-06-30 14:19:06
728712,1312.0000,1442.0000,1450.0000,1447.0000,1453.0000,1462.0000,1428.0000,1413.0000,54.1626,23.1383,0.0000,0.0000,2021-06-30 14:19:09
728713,1313.0000,1442.0000,1448.0000,1447.0000,1452.0000,1462.0000,1428.0000,1412.0000,54.1443,23.1383,0.0000,0.0000,2021-06-30 14:19:12
728714,1309.0000,1442.0000,1451.0000,1451.0000,1452.0000,1462.0000,1426.0000,1413.0000,54.1443,23.1383,0.0000,0.0000,2021-06-30 14:19:16
728715,1313.0000,1442.0000,1452.0000,1449.0000,1452.0000,1462.0000,1427.0000,1413.0000,54.1260,23.1383,0.0000,0.0000,2021-06-30 14:19:19
728716,1312.0000,1442.0000,1451.0000,1449.0000,1453.0000,1462.0000,1430.0000,1412.0000,54.1443,23.1383,0.0000,0.0000,2021-06-30 14:19:22
728717,1312.0000,1442.0000,1450.0000,1447.0000,1452.0000,1462.0000,1427.0000,1413.0000,54.1260,23.1383,0.0000,0.0000,2021-06-30 14:19:25
728718,1313.0000,1442.0000,1450.0000,1448.0000,1452.0000,1462.0000,1427.0000,1412.0000,54.1443,23.1584,0.0000,0.0000,2021-06-30 14:19:28
728719,1312.0000,1442.0000,1450.0000,1448.0000,1453.0000,1461.0000,1427.0000,1412.0000,54.1077,23.1584,0.0000,0.0000,2021-06-30 14:19:31
728720,1314.0000,1442.0000,1448.0000,1448.0000,1452.0000,1460.0000,1429.0000,1412.0000,54.1077,23.1383,0.0000,0.0000,2021-06-30 14:19:35
728721,1312.0000,1434.0000,1452.0000,1449.0000,1452.0000,1462.0000,1427.0000,1413.0000,54.1077,23.1584,0.0000,0.0000,2021-06-30 14:19:38
728722,1312.0000,1441.0000,1450.0000,1450.0000,1452.0000,1461.0000,1426.0000,1413.0000,54.1077,23.1584,0.0000,0.0000,2021-06-30 14:19:41
728723,1312.0000,1442.0000,1448.0000,1448.0000,1452.0000,1461.0000,1427.0000,1413.0000,54.0833,23.1584,0.0000,0.0000,2021-06-30 14:19:44
728724,1310.0000,1442.0000,1450.0000,1448.0000,1454.0000,1463.0000,1426.0000,1411.0000,54.0833,23.1584,0.0000,0.0000,2021-06-30 14:19:47
728725,1312.0000,1441.0000,1449.0000,1450.0000,1453.0000,1461.0000,1426.0000,1412.0000,54.0833,23.1584,0.0000,0.0000,2021-06-30 14:19:51
728726,1312.0000,1435.0000,1449.0000,1448.0000,1452.0000,1461.0000,1425.0000,1412.0000,54.0649,23.1383,0.0000,0.0000,2021-06-30 14:19:54
728727,1312.0000,1438.0000,1448.0000,1448.0000,1452.0000,1461.0000,1426.0000,1412.0000,54.0771,23.1685,0.0000,0.0000,2021-06-30 14:19:57
728728,1312.0000,1440.0000,1448.0000,1448.0000,1451.0000,1460.0000,1426.0000,1412.0000,54.0649,23.1584,0.0000,0.0000,2021-06-30 14:20:01
728729,1312.0000,1440.0000,1448.0000,1447.0000,1449.0000,1461.0000,1425.0000,1412.0000,54.0466,23.1584,0.0000,0.0000,2021-06-30 14:20:04
728730,1312.0000,1440.0000,1450.0000,1448.0000,1451.0000,1461.0000,1426.0000,1411.0000,54.0588,23.1685,0.0000,0.0000,2021-06-30 14:20:07
728731,1312.0000,1440.0000,1451.0000,1448.0000,1452.0000,1461.0000,1425.0000,1412.0000,54.0588,23.1685,0.0000,0.0000,2021-06-30 14:20:10
728732,1312.0000,1440.0000,1450.0000,1448.0000,1450.0000,1461.0000,1425.0000,1411.0000,54.0405,23.1685,0.0000,0.0000,2021-06-30 14:20:13
728733,1311.0000,1440.0000,1449.0000,1448.0000,1451.0000,1461.0000,1427.0000,1411.0000,54.0283,23.1584,0.0000,0.0000,2021-06-30 14:20:17
728734,1311.0000,1440.0000,1448.0000,1448.0000,1451.0000,1461.0000,1425.0000,1410.0000,54.0405,23.1685,0.0000,0.0000,2021-06-30 14:20:20
728735,1311.0000,1439.0000,1451.0000,1447.0000,1451.0000,1461.0000,1425.0000,1411.0000,54.0405,23.1786,0.0000,0.0000,2021-06-30 14:20:23
728736,1314.0000,1440.0000,1448.0000,1449.0000,1450.0000,1461.0000,1425.0000,1411.0000,54.0222,23.1685,0.0000,0.0000,2021-06-30 14:20:26
728737,1310.0000,1440.0000,1450.0000,1445.0000,1450.0000,1461.0000,1425.0000,1411.0000,54.0222,23.1987,0.0000,0.0000,2021-06-30 14:20:29
728738,1311.0000,1439.0000,1448.0000,1447.0000,1450.0000,1460.0000,1424.0000,1411.0000,54.0222,23.1786,0.0000,0.0000,2021-06-30 14:20:33
728739,1311.0000,1440.0000,1448.0000,1447.0000,1450.0000,1460.0000,1425.0000,1411.0000,54.0039,23.1685,0.0000,0.0000,2021-06-30 14:20:36
728740,1309.0000,1442.0000,1448.0000,1448.0000,1450.0000,1461.0000,1424.0000,1410.0000,54.0039,23.1786,0.0000,0.0000,2021-06-30 14:20:39
728741,1310.0000,1442.0000,1448.0000,1448.0000,1450.0000,1460.0000,1424.0000,1411.0000,53.9856,23.1685,0.0000,0.0000,2021-06-30 14:20:42
728742,1300.0000,1439.0000,1446.0000,1445.0000,1450.0000,1460.0000,1424.0000,1410.0000,53.9856,23.1786,0.0000,0.0000,2021-06-30 14:20:46
728743,1311.0000,1438.0000,1448.0000,1446.0000,1448.0000,1461.0000,1424.0000,1411.0000,53.9856,23.1987,0.0000,0.0000,2021-06-30 14:20:49
728744,1308.0000,1439.0000,1448.0000,1446.0000,1449.0000,1460.0000,1425.0000,1409.0000,53.9673,23.1987,0.0000,0.0000,2021-06-30 14:20:52
728745,1308.0000,1439.0000,1449.0000,1446.0000,1450.0000,1459.0000,1424.0000,1410.0000,53.9673,23.1987,0.0000,0.0000,2021-06-30 14:20:55
728746,1308.0000,1438.0000,1447.0000,1446.0000,1450.0000,1459.0000,1424.0000,1411.0000,53.9673,23.1987,0.0000,0.0000,2021-06-30 14:20:58
728747,1310.0000,1437.0000,1447.0000,1446.0000,1450.0000,1459.0000,1424.0000,1414.0000,53.9490,23.1987,0.0000,0.0000,2021-06-30 14:21:02
728748,1311.0000,1439.0000,1446.0000,1444.0000,1450.0000,1459.0000,1424.0000,1410.0000,53.9490,23.1987,0.0000,0.0000,2021-06-30 14:21:05
728749,1310.0000,1432.0000,1446.0000,1446.0000,1449.0000,1459.0000,1424.0000,1410.0000,53.9490,23.1786,0.0000,0.0000,2021-06-30 14:21:08
728750,1310.0000,1438.0000,1447.0000,1446.0000,1449.0000,1459.0000,1424.0000,1410.0000,53.9612,23.2088,0.0000,0.0000,2021-06-30 14:21:11
728751,1313.0000,1438.0000,1446.0000,1444.0000,1448.0000,1460.0000,1424.0000,1410.0000,53.9307,23.1987,0.0000,0.0000,2021-06-30 14:21:15
728752,1310.0000,1437.0000,1447.0000,1445.0000,1449.0000,1459.0000,1424.0000,1410.0000,53.9429,23.2088,0.0000,0.0000,2021-06-30 14:21:18
728753,1310.0000,1439.0000,1446.0000,1446.0000,1450.0000,1459.0000,1423.0000,1410.0000,53.9307,23.1987,0.0000,0.0000,2021-06-30 14:21:21
728754,1313.0000,1436.0000,1448.0000,1447.0000,1449.0000,1460.0000,1424.0000,1409.0000,53.9429,23.2088,0.0000,0.0000,2021-06-30 14:21:24
728755,1308.0000,1438.0000,1447.0000,1444.0000,1449.0000,1459.0000,1423.0000,1409.0000,53.9246,23.2088,0.0000,0.0000,2021-06-30 14:21:28
728756,1308.0000,1438.0000,1448.0000,1445.0000,1449.0000,1458.0000,1422.0000,1410.0000,53.9124,23.1987,0.0000,0.0000,2021-06-30 14:21:31
728757,1308.0000,1439.0000,1446.0000,1447.0000,1448.0000,1458.0000,1422.0000,1410.0000,53.9246,23.2088,0.0000,0.0000,2021-06-30 14:21:34
728758,1309.0000,1437.0000,1446.0000,1445.0000,1448.0000,1458.0000,1422.0000,1409.0000,53.9124,23.1987,0.0000,0.0000,2021-06-30 14:21:38
728759,1309.0000,1438.0000,1446.0000,1445.0000,1448.0000,1458.0000,1422.0000,1409.0000,53.9001,23.1987,0.0000,0.0000,2021-06-30 14:21:41
728760,1310.0000,1438.0000,1447.0000,1448.0000,1448.0000,1459.0000,1423.0000,1409.0000,53.9001,23.1987,0.0000,0.0000,2021-06-30 14:21:44
728761,1308.0000,1438.0000,1446.0000,1444.0000,1448.0000,1458.0000,1424.0000,1409.0000,53.9062,23.2088,0.0000,0.0000,2021-06-30 14:21:47
728762,1308.0000,1437.0000,1444.0000,1444.0000,1448.0000,1458.0000,1422.0000,1408.0000,53.8818,23.1987,0.0000,0.0000,2021-06-30 14:21:51
728763,1310.0000,1438.0000,1444.0000,1444.0000,1448.0000,1459.0000,1421.0000,1408.0000,53.8879,23.2189,0.0000,0.0000,2021-06-30 14:21:54
728764,1308.0000,1434.0000,1446.0000,1445.0000,1446.0000,1458.0000,1423.0000,1407.0000,53.8879,23.2088,0.0000,0.0000,2021-06-30 14:21:57
728765,1308.0000,1437.0000,1444.0000,1446.0000,1448.0000,1458.0000,1420.0000,1409.0000,53.8879,23.2088,0.0000,0.0000,2021-06-30 14:22:00
728766,1306.0000,1434.0000,1447.0000,1445.0000,1447.0000,1458.0000,1423.0000,1408.0000,53.8696,23.2088,0.0000,0.0000,2021-06-30 14:22:04
728767,1309.0000,1432.0000,1446.0000,1444.0000,1444.0000,1458.0000,1423.0000,1408.0000,53.8696,23.2189,0.0000,0.0000,2021-06-30 14:22:07
728768,1308.0000,1436.0000,1444.0000,1444.0000,1448.0000,1459.0000,1422.0000,1408.0000,53.8696,23.2088,0.0000,0.0000,2021-06-30 14:22:10
728769,1308.0000,1437.0000,1445.0000,1444.0000,1447.0000,1457.0000,1423.0000,1408.0000,53.8513,23.2088,0.0000,0.0000,2021-06-30 14:22:13
728770,1308.0000,1437.0000,1445.0000,1444.0000,1447.0000,1457.0000,1422.0000,1408.0000,53.8513,23.2189,0.0000,0.0000,2021-06-30 14:22:17
728771,1304.0000,1437.0000,1446.0000,1444.0000,1449.0000,1456.0000,1422.0000,1409.0000,53.8452,23.2390,0.0000,0.0000,2021-06-30 14:22:20
728772,1306.0000,1436.0000,1445.0000,1448.0000,1448.0000,1457.0000,1422.0000,1408.0000,53.8330,23.2189,0.0000,0.0000,2021-06-30 14:22:24
728773,1308.0000,1436.0000,1446.0000,1444.0000,1447.0000,1457.0000,1421.0000,1408.0000,53.8330,23.2189,0.0000,0.0000,2021-06-30 14:22:27
728774,1308.0000,1436.0000,1445.0000,1444.0000,1447.0000,1457.0000,1421.0000,1408.0000,53.8452,23.2390,0.0000,0.0000,2021-06-30 14:22:30
728775,1305.0000,1432.0000,1446.0000,1444.0000,1447.0000,1456.0000,1422.0000,1408.0000,53.8452,23.2390,0.0000,0.0000,2021-06-30 14:22:34
728776,1306.0000,1436.0000,1444.0000,1443.0000,1447.0000,1457.0000,1422.0000,1408.0000,53.8269,23.2390,0.0000,0.0000,2021-06-30 14:22:37
728777,1308.0000,1428.0000,1444.0000,1444.0000,1448.0000,1456.0000,1420.0000,1407.0000,53.8269,23.2390,0.0000,0.0000,2021-06-30 14:22:40
728778,1308.0000,1436.0000,1444.0000,1444.0000,1448.0000,1456.0000,1420.0000,1407.0000,53.8269,23.2390,0.0000,0.0000,2021-06-30 14:22:44
728779,1306.0000,1436.0000,1444.0000,1442.0000,1447.0000,1456.0000,1421.0000,1407.0000,53.8269,23.2390,0.0000,0.0000,2021-06-30 14:22:47
728780,1305.0000,1434.0000,1444.0000,1444.0000,1447.0000,1456.0000,1421.0000,1408.0000,53.8269,23.2390,0.0000,0.0000,2021-06-30 14:22:50
728781,1310.0000,1435.0000,1444.0000,1442.0000,1445.0000,1457.0000,1421.0000,1411.0000,53.8025,23.2491,0.0000,0.0000,2021-06-30 14:22:53
728782,1308.0000,1436.0000,1444.0000,1443.0000,1447.0000,1456.0000,1421.0000,1407.0000,53.8025,23.2491,0.0000,0.0000,2021-06-30 14:22:57
728783,1308.0000,1435.0000,1442.0000,1444.0000,1446.0000,1457.0000,1421.0000,1406.0000,53.7842,23.2491,0.0000,0.0000,2021-06-30 14:23:00
728784,1307.0000,1436.0000,1444.0000,1440.0000,1447.0000,1457.0000,1420.0000,1406.0000,53.7842,23.2390,0.0000,0.0000,2021-06-30 14:23:03
728785,1309.0000,1433.0000,1445.0000,1443.0000,1446.0000,1455.0000,1421.0000,1406.0000,53.7842,23.2491,0.0000,0.0000,2021-06-30 14:23:07
728786,1308.0000,1436.0000,1446.0000,1443.0000,1446.0000,1456.0000,1420.0000,1408.0000,53.7842,23.2491,0.0000,0.0000,2021-06-30 14:23:10
728787,1307.0000,1436.0000,1444.0000,1443.0000,1446.0000,1457.0000,1421.0000,1407.0000,53.7842,23.2390,0.0000,0.0000,2021-06-30 14:23:13
728788,1306.0000,1435.0000,1444.0000,1443.0000,1445.0000,1455.0000,1420.0000,1407.0000,53.7659,23.2491,0.0000,0.0000,2021-06-30 14:23:16
728789,1305.0000,1436.0000,1445.0000,1444.0000,1446.0000,1456.0000,1420.0000,1407.0000,53.7659,23.2692,0.0000,0.0000,2021-06-30 14:23:20
728790,1307.0000,1434.0000,1444.0000,1444.0000,1446.0000,1455.0000,1420.0000,1406.0000,53.7659,23.2390,0.0000,0.0000,2021-06-30 14:23:23
728791,1299.0000,1435.0000,1444.0000,1440.0000,1446.0000,1456.0000,1420.0000,1406.0000,53.7476,23.2491,0.0000,0.0000,2021-06-30 14:23:26
728792,1309.0000,1434.0000,1444.0000,1443.0000,1446.0000,1457.0000,1420.0000,1406.0000,53.7476,23.2491,0.0000,0.0000,2021-06-30 14:23:30
728793,1299.0000,1436.0000,1444.0000,1442.0000,1446.0000,1455.0000,1420.0000,1406.0000,53.7476,23.2692,0.0000,0.0000,2021-06-30 14:23:33
728794,1307.0000,1435.0000,1443.0000,1444.0000,1445.0000,1454.0000,1421.0000,1406.0000,53.7476,23.2491,0.0000,0.0000,2021-06-30 14:23:36
728795,1307.0000,1434.0000,1445.0000,1442.0000,1445.0000,1456.0000,1419.0000,1406.0000,53.7292,23.2692,0.0000,0.0000,2021-06-30 14:23:39
728796,1304.0000,1434.0000,1443.0000,1442.0000,1446.0000,1455.0000,1421.0000,1406.0000,53.7109,23.2692,0.0000,0.0000,2021-06-30 14:23:43
728797,1304.0000,1435.0000,1443.0000,1443.0000,1446.0000,1454.0000,1420.0000,1406.0000,53.7109,23.2692,0.0000,0.0000,2021-06-30 14:23:46
728798,1306.0000,1432.0000,1443.0000,1442.0000,1445.0000,1456.0000,1420.0000,1407.0000,53.7292,23.2491,0.0000,0.0000,2021-06-30 14:23:49
728799,1305.0000,1432.0000,1444.0000,1442.0000,1446.0000,1455.0000,1420.0000,1406.0000,53.7231,23.2793,0.0000,0.0000,2021-06-30 14:23:53
728800,1308.0000,1429.0000,1443.0000,1442.0000,1445.0000,1455.0000,1420.0000,1406.0000,53.7109,23.2692,0.0000,0.0000,2021-06-30 14:23:56
728801,1306.0000,1428.0000,1442.0000,1442.0000,1445.0000,1455.0000,1420.0000,1406.0000,53.7109,23.2692,0.0000,0.0000,2021-06-30 14:23:59
728802,1305.0000,1434.0000,1442.0000,1442.0000,1445.0000,1455.0000,1419.0000,1406.0000,53.7048,23.2793,0.0000,0.0000,2021-06-30 14:24:02
728803,1305.0000,1432.0000,1436.0000,1441.0000,1445.0000,1455.0000,1420.0000,1406.0000,53.7048,23.2894,0.0000,0.0000,2021-06-30 14:24:05
728804,1304.0000,1433.0000,1440.0000,1441.0000,1444.0000,1454.0000,1420.0000,1405.0000,53.7048,23.2793,0.0000,0.0000,2021-06-30 14:24:09
728805,1306.0000,1436.0000,1442.0000,1442.0000,1445.0000,1455.0000,1419.0000,1405.0000,53.6865,23.2793,0.0000,0.0000,2021-06-30 14:24:12
728806,1304.0000,1432.0000,1440.0000,1436.0000,1445.0000,1454.0000,1419.0000,1404.0000,53.6865,23.2793,0.0000,0.0000,2021-06-30 14:24:15
728807,1306.0000,1433.0000,1442.0000,1438.0000,1444.0000,1455.0000,1419.0000,1405.0000,53.6865,23.2793,0.0000,0.0000,2021-06-30 14:24:18
728808,1306.0000,1434.0000,1442.0000,1441.0000,1444.0000,1455.0000,1419.0000,1405.0000,53.6804,23.2692,0.0000,0.0000,2021-06-30 14:24:22
728809,1305.0000,1434.0000,1444.0000,1441.0000,1445.0000,1455.0000,1419.0000,1405.0000,53.6682,23.2793,0.0000,0.0000,2021-06-30 14:24:25
728810,1304.0000,1432.0000,1443.0000,1439.0000,1445.0000,1457.0000,1419.0000,1405.0000,53.6621,23.2692,0.0000,0.0000,2021-06-30 14:24:28
728811,1304.0000,1433.0000,1442.0000,1441.0000,1444.0000,1454.0000,1419.0000,1405.0000,53.6682,23.2793,0.0000,0.0000,2021-06-30 14:24:31
728812,1304.0000,1432.0000,1443.0000,1440.0000,1444.0000,1454.0000,1419.0000,1405.0000,53.6682,23.2894,0.0000,0.0000,2021-06-30 14:24:35
728813,1304.0000,1433.0000,1441.0000,1440.0000,1444.0000,1455.0000,1418.0000,1406.0000,53.6499,23.2793,0.0000,0.0000,2021-06-30 14:24:38
728814,1304.0000,1434.0000,1442.0000,1440.0000,1443.0000,1454.0000,1418.0000,1405.0000,53.6499,23.2793,0.0000,0.0000,2021-06-30 14:24:41
728815,1305.0000,1432.0000,1441.0000,1441.0000,1444.0000,1455.0000,1419.0000,1404.0000,53.6499,23.2793,0.0000,0.0000,2021-06-30 14:24:44
728816,1304.0000,1432.0000,1441.0000,1441.0000,1444.0000,1454.0000,1421.0000,1405.0000,53.6499,23.2894,0.0000,0.0000,2021-06-30 14:24:48
728817,1304.0000,1432.0000,1441.0000,1441.0000,1443.0000,1454.0000,1419.0000,1405.0000,53.6499,23.2793,0.0000,0.0000,2021-06-30 14:24:51
728818,1310.0000,1432.0000,1441.0000,1440.0000,1443.0000,1452.0000,1418.0000,1404.0000,53.6316,23.2894,0.0000,0.0000,2021-06-30 14:24:54
728819,1305.0000,1433.0000,1440.0000,1441.0000,1444.0000,1453.0000,1418.0000,1404.0000,53.6316,23.2793,0.0000,0.0000,2021-06-30 14:24:58
728820,1304.0000,1432.0000,1442.0000,1440.0000,1444.0000,1454.0000,1418.0000,1404.0000,53.6316,23.2793,0.0000,0.0000,2021-06-30 14:25:01
728821,1305.0000,1433.0000,1447.0000,1440.0000,1445.0000,1453.0000,1418.0000,1405.0000,53.6316,23.2894,0.0000,0.0000,2021-06-30 14:25:04
728822,1304.0000,1432.0000,1442.0000,1441.0000,1444.0000,1453.0000,1418.0000,1404.0000,53.6133,23.2894,0.0000,0.0000,2021-06-30 14:25:07
728823,1305.0000,1432.0000,1441.0000,1441.0000,1443.0000,1452.0000,1418.0000,1404.0000,53.6133,23.2793,0.0000,0.0000,2021-06-30 14:25:11
728824,1305.0000,1434.0000,1439.0000,1440.0000,1444.0000,1454.0000,1415.0000,1404.0000,53.5950,23.3095,0.0000,0.0000,2021-06-30 14:25:14
728825,1305.0000,1433.0000,1440.0000,1438.0000,1443.0000,1454.0000,1417.0000,1405.0000,53.6133,23.3095,0.0000,0.0000,2021-06-30 14:25:17
728826,1305.0000,1432.0000,1440.0000,1440.0000,1445.0000,1452.0000,1418.0000,1404.0000,53.5950,23.3095,0.0000,0.0000,2021-06-30 14:25:20
728827,1302.0000,1432.0000,1441.0000,1440.0000,1444.0000,1453.0000,1417.0000,1404.0000,53.5767,23.3095,0.0000,0.0000,2021-06-30 14:25:23
728828,1304.0000,1432.0000,1440.0000,1440.0000,1443.0000,1453.0000,1417.0000,1404.0000,53.5767,23.3095,0.0000,0.0000,2021-06-30 14:25:27
728829,1305.0000,1432.0000,1441.0000,1440.0000,1443.0000,1453.0000,1417.0000,1407.0000,53.5767,23.2894,0.0000,0.0000,2021-06-30 14:25:30
728830,1305.0000,1434.0000,1439.0000,1440.0000,1442.0000,1453.0000,1418.0000,1404.0000,53.5767,23.3095,0.0000,0.0000,2021-06-30 14:25:33
728831,1305.0000,1432.0000,1441.0000,1440.0000,1443.0000,1452.0000,1418.0000,1404.0000,53.5645,23.2894,0.0000,0.0000,2021-06-30 14:25:36
728832,1304.0000,1432.0000,1439.0000,1440.0000,1442.0000,1452.0000,1417.0000,1403.0000,53.5645,23.3095,0.0000,0.0000,2021-06-30 14:25:40
728833,1301.0000,1430.0000,1441.0000,1440.0000,1443.0000,1452.0000,1418.0000,1403.0000,53.5645,23.3095,0.0000,0.0000,2021-06-30 14:25:43
728834,1304.0000,1432.0000,1440.0000,1433.0000,1443.0000,1451.0000,1417.0000,1404.0000,53.5645,23.3095,0.0000,0.0000,2021-06-30 14:25:46
728835,1304.0000,1431.0000,1440.0000,1437.0000,1443.0000,1452.0000,1417.0000,1403.0000,53.5645,23.3095,0.0000,0.0000,2021-06-30 14:25:49
728836,1306.0000,1432.0000,1440.0000,1438.0000,1442.0000,1453.0000,1417.0000,1404.0000,53.5645,23.3095,0.0000,0.0000,2021-06-30 14:25:53
728837,1305.0000,1432.0000,1440.0000,1439.0000,1442.0000,1453.0000,1418.0000,1403.0000,53.5645,23.3095,0.0000,0.0000,2021-06-30 14:25:56
728838,1296.0000,1430.0000,1436.0000,1439.0000,1442.0000,1453.0000,1417.0000,1400.0000,53.5645,23.3095,0.0000,0.0000,2021-06-30 14:25:59
728839,1304.0000,1432.0000,1441.0000,1439.0000,1442.0000,1451.0000,1417.0000,1403.0000,53.5461,23.3095,0.0000,0.0000,2021-06-30 14:26:02
728840,1306.0000,1430.0000,1440.0000,1439.0000,1442.0000,1452.0000,1416.0000,1403.0000,53.5522,23.3196,0.0000,0.0000,2021-06-30 14:26:06
728841,1300.0000,1432.0000,1440.0000,1439.0000,1442.0000,1451.0000,1416.0000,1403.0000,53.5522,23.3196,0.0000,0.0000,2021-06-30 14:26:09
728842,1301.0000,1431.0000,1441.0000,1438.0000,1443.0000,1452.0000,1416.0000,1403.0000,53.5522,23.3196,0.0000,0.0000,2021-06-30 14:26:12
728843,1302.0000,1428.0000,1438.0000,1437.0000,1442.0000,1452.0000,1416.0000,1403.0000,53.5339,23.3296,0.0000,0.0000,2021-06-30 14:26:15
728844,1300.0000,1430.0000,1440.0000,1438.0000,1442.0000,1452.0000,1416.0000,1402.0000,53.5278,23.3095,0.0000,0.0000,2021-06-30 14:26:19
728845,1302.0000,1431.0000,1442.0000,1439.0000,1442.0000,1452.0000,1417.0000,1403.0000,53.5339,23.3196,0.0000,0.0000,2021-06-30 14:26:22
728846,1302.0000,1432.0000,1439.0000,1439.0000,1442.0000,1452.0000,1418.0000,1403.0000,53.5095,23.3095,0.0000,0.0000,2021-06-30 14:26:25
728847,1300.0000,1429.0000,1438.0000,1440.0000,1443.0000,1453.0000,1417.0000,1403.0000,53.5095,23.3095,0.0000,0.0000,2021-06-30 14:26:29
728848,1301.0000,1432.0000,1439.0000,1438.0000,1442.0000,1452.0000,1419.0000,1403.0000,53.5156,23.3196,0.0000,0.0000,2021-06-30 14:26:32
728849,1306.0000,1432.0000,1440.0000,1438.0000,1443.0000,1452.0000,1416.0000,1404.0000,53.5156,23.3296,0.0000,0.0000,2021-06-30 14:26:35
728850,1304.0000,1431.0000,1436.0000,1439.0000,1442.0000,1451.0000,1416.0000,1403.0000,53.4973,23.3196,0.0000,0.0000,2021-06-30 14:26:38
728851,1303.0000,1432.0000,1440.0000,1438.0000,1441.0000,1450.0000,1416.0000,1402.0000,53.4973,23.3196,0.0000,0.0000,2021-06-30 14:26:42
728852,1301.0000,1432.0000,1440.0000,1432.0000,1441.0000,1451.0000,1416.0000,1402.0000,53.4973,23.3196,0.0000,0.0000,2021-06-30 14:26:45
728853,1300.0000,1430.0000,1439.0000,1438.0000,1441.0000,1452.0000,1416.0000,1402.0000,53.4973,23.3196,0.0000,0.0000,2021-06-30 14:26:48
728854,1302.0000,1431.0000,1439.0000,1440.0000,1441.0000,1451.0000,1417.0000,1402.0000,53.4973,23.3296,0.0000,0.0000,2021-06-30 14:26:51
728855,1303.0000,1429.0000,1440.0000,1438.0000,1440.0000,1451.0000,1416.0000,1402.0000,53.4729,23.3196,0.0000,0.0000,2021-06-30 14:26:54
728856,1304.0000,1430.0000,1437.0000,1438.0000,1441.0000,1451.0000,1417.0000,1403.0000,53.4729,23.3296,0.0000,0.0000,2021-06-30 14:26:58
728857,1305.0000,1430.0000,1437.0000,1438.0000,1440.0000,1451.0000,1416.0000,1401.0000,53.4729,23.3296,0.0000,0.0000,2021-06-30 14:27:01
728858,1302.0000,1430.0000,1440.0000,1436.0000,1441.0000,1451.0000,1416.0000,1403.0000,53.4729,23.3196,0.0000,0.0000,2021-06-30 14:27:04
728859,1300.0000,1430.0000,1439.0000,1439.0000,1442.0000,1451.0000,1415.0000,1402.0000,53.4729,23.3196,0.0000,0.0000,2021-06-30 14:27:08
728860,1302.0000,1429.0000,1439.0000,1437.0000,1440.0000,1451.0000,1416.0000,1401.0000,53.4729,23.3296,0.0000,0.0000,2021-06-30 14:27:11
728861,1300.0000,1428.0000,1438.0000,1437.0000,1441.0000,1451.0000,1416.0000,1402.0000,53.4607,23.3296,0.0000,0.0000,2021-06-30 14:27:14
728862,1302.0000,1430.0000,1438.0000,1439.0000,1441.0000,1450.0000,1415.0000,1399.0000,53.4607,23.3498,0.0000,0.0000,2021-06-30 14:27:17
728863,1302.0000,1430.0000,1438.0000,1438.0000,1442.0000,1451.0000,1415.0000,1402.0000,53.4424,23.3296,0.0000,0.0000,2021-06-30 14:27:21
728864,1298.0000,1429.0000,1438.0000,1437.0000,1440.0000,1450.0000,1414.0000,1402.0000,53.4607,23.3196,0.0000,0.0000,2021-06-30 14:27:24
728865,1302.0000,1428.0000,1438.0000,1437.0000,1441.0000,1451.0000,1415.0000,1402.0000,53.4607,23.3296,0.0000,0.0000,2021-06-30 14:27:27
728866,1304.0000,1428.0000,1438.0000,1436.0000,1442.0000,1451.0000,1415.0000,1401.0000,53.4607,23.3296,0.0000,0.0000,2021-06-30 14:27:31
728867,1302.0000,1430.0000,1438.0000,1437.0000,1440.0000,1450.0000,1415.0000,1402.0000,53.4424,23.3296,0.0000,0.0000,2021-06-30 14:27:34
728868,1300.0000,1428.0000,1438.0000,1435.0000,1440.0000,1450.0000,1415.0000,1401.0000,53.4424,23.3296,0.0000,0.0000,2021-06-30 14:27:37
728869,1302.0000,1428.0000,1438.0000,1439.0000,1440.0000,1451.0000,1415.0000,1402.0000,53.4424,23.3498,0.0000,0.0000,2021-06-30 14:27:40
728870,1302.0000,1430.0000,1438.0000,1437.0000,1441.0000,1450.0000,1416.0000,1401.0000,53.4241,23.3296,0.0000,0.0000,2021-06-30 14:27:43
728871,1300.0000,1428.0000,1438.0000,1436.0000,1440.0000,1450.0000,1415.0000,1401.0000,53.4241,23.3296,0.0000,0.0000,2021-06-30 14:27:47
728872,1301.0000,1428.0000,1438.0000,1437.0000,1440.0000,1454.0000,1415.0000,1399.0000,53.4241,23.3296,0.0000,0.0000,2021-06-30 14:27:50
728873,1300.0000,1428.0000,1439.0000,1437.0000,1440.0000,1449.0000,1415.0000,1402.0000,53.4241,23.3296,0.0000,0.0000,2021-06-30 14:27:53
728874,1302.0000,1428.0000,1438.0000,1437.0000,1439.0000,1451.0000,1414.0000,1401.0000,53.4241,23.3296,0.0000,0.0000,2021-06-30 14:27:56
728875,1302.0000,1429.0000,1436.0000,1438.0000,1440.0000,1449.0000,1415.0000,1401.0000,53.4058,23.3296,0.0000,0.0000,2021-06-30 14:28:00
728876,1301.0000,1428.0000,1437.0000,1437.0000,1440.0000,1450.0000,1414.0000,1401.0000,53.4058,23.3498,0.0000,0.0000,2021-06-30 14:28:03
728877,1301.0000,1429.0000,1438.0000,1437.0000,1440.0000,1449.0000,1414.0000,1400.0000,53.4058,23.3296,0.0000,0.0000,2021-06-30 14:28:06
728878,1301.0000,1429.0000,1438.0000,1437.0000,1439.0000,1449.0000,1412.0000,1400.0000,53.4058,23.3498,0.0000,0.0000,2021-06-30 14:28:09
728879,1300.0000,1429.0000,1437.0000,1438.0000,1440.0000,1449.0000,1414.0000,1400.0000,53.4058,23.3498,0.0000,0.0000,2021-06-30 14:28:13
728880,1302.0000,1430.0000,1437.0000,1438.0000,1441.0000,1450.0000,1414.0000,1401.0000,53.3875,23.3296,0.0000,0.0000,2021-06-30 14:28:16
728881,1300.0000,1428.0000,1436.0000,1437.0000,1439.0000,1450.0000,1413.0000,1401.0000,53.4058,23.3498,0.0000,0.0000,2021-06-30 14:28:19
728882,1300.0000,1429.0000,1436.0000,1436.0000,1440.0000,1448.0000,1414.0000,1400.0000,53.3875,23.3498,0.0000,0.0000,2021-06-30 14:28:22
728883,1301.0000,1431.0000,1437.0000,1438.0000,1439.0000,1450.0000,1413.0000,1400.0000,53.3875,23.3498,0.0000,0.0000,2021-06-30 14:28:26
728884,1301.0000,1429.0000,1439.0000,1437.0000,1439.0000,1452.0000,1414.0000,1400.0000,53.3875,23.3498,0.0000,0.0000,2021-06-30 14:28:29
728885,1301.0000,1426.0000,1437.0000,1436.0000,1439.0000,1449.0000,1413.0000,1400.0000,53.3875,23.3498,0.0000,0.0000,2021-06-30 14:28:32
728886,1300.0000,1428.0000,1437.0000,1436.0000,1439.0000,1450.0000,1413.0000,1400.0000,53.3691,23.3498,0.0000,0.0000,2021-06-30 14:28:35
728887,1300.0000,1425.0000,1437.0000,1435.0000,1440.0000,1449.0000,1414.0000,1400.0000,53.3691,23.3498,0.0000,0.0000,2021-06-30 14:28:39
728888,1301.0000,1428.0000,1437.0000,1436.0000,1440.0000,1449.0000,1414.0000,1400.0000,53.3691,23.3498,0.0000,0.0000,2021-06-30 14:28:42
728889,1300.0000,1430.0000,1436.0000,1437.0000,1439.0000,1449.0000,1414.0000,1400.0000,53.3691,23.3498,0.0000,0.0000,2021-06-30 14:28:45
728890,1294.0000,1429.0000,1437.0000,1434.0000,1438.0000,1449.0000,1412.0000,1400.0000,53.3752,23.3599,0.0000,0.0000,2021-06-30 14:28:48
728891,1300.0000,1428.0000,1437.0000,1434.0000,1438.0000,1448.0000,1414.0000,1400.0000,53.3691,23.3498,0.0000,0.0000,2021-06-30 14:28:52
728892,1300.0000,1428.0000,1435.0000,1437.0000,1439.0000,1447.0000,1413.0000,1400.0000,53.3569,23.3599,0.0000,0.0000,2021-06-30 14:28:55
728893,1300.0000,1428.0000,1437.0000,1436.0000,1439.0000,1449.0000,1415.0000,1400.0000,53.3508,23.3498,0.0000,0.0000,2021-06-30 14:28:58
728894,1300.0000,1428.0000,1438.0000,1435.0000,1438.0000,1449.0000,1412.0000,1400.0000,53.3569,23.3599,0.0000,0.0000,2021-06-30 14:29:02
728895,1300.0000,1429.0000,1437.0000,1436.0000,1439.0000,1449.0000,1414.0000,1400.0000,53.3569,23.3599,0.0000,0.0000,2021-06-30 14:29:05
728896,1300.0000,1428.0000,1437.0000,1436.0000,1439.0000,1448.0000,1414.0000,1400.0000,53.3569,23.3599,0.0000,0.0000,2021-06-30 14:29:08
728897,1300.0000,1429.0000,1436.0000,1430.0000,1439.0000,1448.0000,1413.0000,1400.0000,53.3508,23.3498,0.0000,0.0000,2021-06-30 14:29:11
728898,1298.0000,1429.0000,1437.0000,1435.0000,1439.0000,1449.0000,1412.0000,1399.0000,53.3447,23.3599,0.0000,0.0000,2021-06-30 14:29:15
728899,1298.0000,1428.0000,1438.0000,1435.0000,1439.0000,1448.0000,1413.0000,1399.0000,53.3447,23.3599,0.0000,0.0000,2021-06-30 14:29:18
728900,1296.0000,1428.0000,1436.0000,1435.0000,1439.0000,1448.0000,1414.0000,1400.0000,53.3447,23.3599,0.0000,0.0000,2021-06-30 14:29:21
728901,1300.0000,1428.0000,1438.0000,1434.0000,1439.0000,1448.0000,1414.0000,1398.0000,53.3447,23.3599,0.0000,0.0000,2021-06-30 14:29:24
728902,1299.0000,1429.0000,1436.0000,1434.0000,1438.0000,1449.0000,1412.0000,1400.0000,53.3447,23.3599,0.0000,0.0000,2021-06-30 14:29:28
728903,1300.0000,1427.0000,1436.0000,1435.0000,1438.0000,1448.0000,1413.0000,1399.0000,53.3447,23.3699,0.0000,0.0000,2021-06-30 14:29:31
728904,1300.0000,1421.0000,1436.0000,1436.0000,1439.0000,1448.0000,1413.0000,1399.0000,53.3447,23.3599,0.0000,0.0000,2021-06-30 14:29:34
728905,1298.0000,1426.0000,1436.0000,1435.0000,1437.0000,1448.0000,1412.0000,1400.0000,53.3264,23.3599,0.0000,0.0000,2021-06-30 14:29:37
728906,1297.0000,1428.0000,1435.0000,1436.0000,1438.0000,1448.0000,1413.0000,1398.0000,53.3264,23.3599,0.0000,0.0000,2021-06-30 14:29:41
728907,1299.0000,1427.0000,1434.0000,1435.0000,1437.0000,1448.0000,1412.0000,1399.0000,53.3264,23.3699,0.0000,0.0000,2021-06-30 14:29:44
728908,1300.0000,1427.0000,1436.0000,1434.0000,1438.0000,1448.0000,1413.0000,1399.0000,53.3264,23.3599,0.0000,0.0000,2021-06-30 14:29:47
728909,1299.0000,1427.0000,1436.0000,1435.0000,1437.0000,1448.0000,1414.0000,1398.0000,53.3264,23.3599,0.0000,0.0000,2021-06-30 14:29:50
728910,1298.0000,1427.0000,1438.0000,1432.0000,1439.0000,1448.0000,1413.0000,1399.0000,53.3081,23.3699,0.0000,0.0000,2021-06-30 14:29:54
728911,1297.0000,1427.0000,1436.0000,1435.0000,1437.0000,1448.0000,1412.0000,1398.0000,53.3081,23.3699,0.0000,0.0000,2021-06-30 14:29:57
728912,1298.0000,1426.0000,1435.0000,1432.0000,1438.0000,1447.0000,1412.0000,1401.0000,53.3264,23.3699,0.0000,0.0000,2021-06-30 14:30:00
728913,1299.0000,1427.0000,1429.0000,1436.0000,1437.0000,1448.0000,1412.0000,1400.0000,53.3081,23.3699,0.0000,0.0000,2021-06-30 14:30:03
728914,1298.0000,1426.0000,1435.0000,1435.0000,1438.0000,1448.0000,1412.0000,1399.0000,53.3081,23.3599,0.0000,0.0000,2021-06-30 14:30:06
728915,1298.0000,1426.0000,1435.0000,1434.0000,1438.0000,1446.0000,1413.0000,1398.0000,53.3081,23.3699,0.0000,0.0000,2021-06-30 14:30:10
728916,1298.0000,1426.0000,1435.0000,1434.0000,1437.0000,1448.0000,1412.0000,1398.0000,53.3081,23.3699,0.0000,0.0000,2021-06-30 14:30:13
728917,1300.0000,1427.0000,1435.0000,1432.0000,1437.0000,1447.0000,1412.0000,1398.0000,53.3081,23.3699,0.0000,0.0000,2021-06-30 14:30:16
728918,1298.0000,1426.0000,1435.0000,1435.0000,1438.0000,1447.0000,1413.0000,1398.0000,53.3081,23.3599,0.0000,0.0000,2021-06-30 14:30:19
728919,1300.0000,1421.0000,1437.0000,1435.0000,1437.0000,1448.0000,1413.0000,1399.0000,53.2898,23.3599,0.0000,0.0000,2021-06-30 14:30:23
728920,1298.0000,1426.0000,1436.0000,1435.0000,1437.0000,1447.0000,1411.0000,1399.0000,53.2898,23.3699,0.0000,0.0000,2021-06-30 14:30:26
728921,1297.0000,1426.0000,1432.0000,1434.0000,1437.0000,1447.0000,1412.0000,1396.0000,53.3081,23.3599,0.0000,0.0000,2021-06-30 14:30:29
728922,1296.0000,1423.0000,1435.0000,1434.0000,1437.0000,1447.0000,1412.0000,1398.0000,53.2898,23.3699,0.0000,0.0000,2021-06-30 14:30:32
728923,1296.0000,1427.0000,1434.0000,1434.0000,1441.0000,1448.0000,1412.0000,1398.0000,53.2898,23.3699,0.0000,0.0000,2021-06-30 14:30:36
728924,1297.0000,1426.0000,1434.0000,1434.0000,1437.0000,1447.0000,1412.0000,1399.0000,53.2898,23.3599,0.0000,0.0000,2021-06-30 14:30:39
728925,1299.0000,1426.0000,1434.0000,1432.0000,1437.0000,1447.0000,1413.0000,1398.0000,53.2898,23.3599,0.0000,0.0000,2021-06-30 14:30:42
728926,1298.0000,1424.0000,1436.0000,1435.0000,1437.0000,1446.0000,1413.0000,1398.0000,53.2776,23.3498,0.0000,0.0000,2021-06-30 14:30:45
728927,1298.0000,1427.0000,1435.0000,1434.0000,1438.0000,1447.0000,1410.0000,1397.0000,53.2898,23.3699,0.0000,0.0000,2021-06-30 14:30:49
728928,1298.0000,1428.0000,1435.0000,1434.0000,1437.0000,1447.0000,1411.0000,1398.0000,53.2898,23.3599,0.0000,0.0000,2021-06-30 14:30:52
728929,1298.0000,1426.0000,1435.0000,1434.0000,1438.0000,1447.0000,1410.0000,1398.0000,53.2898,23.3599,0.0000,0.0000,2021-06-30 14:30:55
728930,1298.0000,1426.0000,1435.0000,1434.0000,1437.0000,1446.0000,1411.0000,1398.0000,53.2898,23.3599,0.0000,0.0000,2021-06-30 14:30:58
728931,1298.0000,1426.0000,1434.0000,1434.0000,1436.0000,1446.0000,1410.0000,1398.0000,53.3081,23.3699,0.0000,0.0000,2021-06-30 14:31:02
728932,1298.0000,1426.0000,1434.0000,1434.0000,1437.0000,1447.0000,1410.0000,1398.0000,53.2898,23.3699,0.0000,0.0000,2021-06-30 14:31:05
728933,1296.0000,1426.0000,1434.0000,1434.0000,1437.0000,1447.0000,1411.0000,1399.0000,53.2898,23.3699,0.0000,0.0000,2021-06-30 14:31:08
728934,1298.0000,1428.0000,1434.0000,1433.0000,1436.0000,1446.0000,1411.0000,1398.0000,53.2898,23.3699,0.0000,0.0000,2021-06-30 14:31:12
728935,1298.0000,1425.0000,1436.0000,1433.0000,1437.0000,1447.0000,1411.0000,1397.0000,53.2898,23.3699,0.0000,0.0000,2021-06-30 14:31:15
728936,1296.0000,1426.0000,1437.0000,1433.0000,1438.0000,1446.0000,1411.0000,1398.0000,53.2898,23.3699,0.0000,0.0000,2021-06-30 14:31:18
728937,1297.0000,1426.0000,1435.0000,1434.0000,1436.0000,1446.0000,1410.0000,1397.0000,53.2898,23.3599,0.0000,0.0000,2021-06-30 14:31:21
728938,1298.0000,1426.0000,1432.0000,1434.0000,1437.0000,1447.0000,1410.0000,1398.0000,53.2898,23.3699,0.0000,0.0000,2021-06-30 14:31:25
728939,1299.0000,1421.0000,1433.0000,1434.0000,1436.0000,1447.0000,1411.0000,1397.0000,53.2898,23.3699,0.0000,0.0000,2021-06-30 14:31:28
728940,1297.0000,1420.0000,1434.0000,1434.0000,1437.0000,1446.0000,1410.0000,1397.0000,53.2898,23.3599,0.0000,0.0000,2021-06-30 14:31:31
728941,1298.0000,1425.0000,1436.0000,1434.0000,1436.0000,1446.0000,1414.0000,1397.0000,53.2898,23.3699,0.0000,0.0000,2021-06-30 14:31:34
728942,1298.0000,1429.0000,1434.0000,1428.0000,1436.0000,1446.0000,1411.0000,1397.0000,53.2898,23.3599,0.0000,0.0000,2021-06-30 14:31:38
728943,1298.0000,1424.0000,1434.0000,1432.0000,1437.0000,1446.0000,1413.0000,1398.0000,53.2715,23.3599,0.0000,0.0000,2021-06-30 14:31:41
728944,1298.0000,1425.0000,1434.0000,1433.0000,1436.0000,1445.0000,1409.0000,1397.0000,53.2715,23.3699,0.0000,0.0000,2021-06-30 14:31:44
728945,1296.0000,1426.0000,1434.0000,1434.0000,1436.0000,1446.0000,1412.0000,1399.0000,53.2898,23.3599,0.0000,0.0000,2021-06-30 14:31:47
728946,1298.0000,1424.0000,1434.0000,1433.0000,1435.0000,1446.0000,1411.0000,1398.0000,53.2898,23.3599,0.0000,0.0000,2021-06-30 14:31:51
728947,1298.0000,1425.0000,1434.0000,1432.0000,1435.0000,1445.0000,1410.0000,1396.0000,53.2715,23.3599,0.0000,0.0000,2021-06-30 14:31:54
728948,1293.0000,1424.0000,1435.0000,1433.0000,1436.0000,1446.0000,1411.0000,1397.0000,53.2898,23.3599,0.0000,0.0000,2021-06-30 14:31:57
728949,1298.0000,1424.0000,1432.0000,1433.0000,1437.0000,1446.0000,1411.0000,1396.0000,53.2715,23.3699,0.0000,0.0000,2021-06-30 14:32:01
728950,1297.0000,1425.0000,1436.0000,1431.0000,1436.0000,1446.0000,1411.0000,1398.0000,53.2898,23.3599,0.0000,0.0000,2021-06-30 14:32:04
728951,1294.0000,1426.0000,1432.0000,1433.0000,1436.0000,1444.0000,1412.0000,1397.0000,53.2715,23.3699,0.0000,0.0000,2021-06-30 14:32:07
728952,1296.0000,1424.0000,1434.0000,1434.0000,1440.0000,1444.0000,1410.0000,1397.0000,53.2715,23.3699,0.0000,0.0000,2021-06-30 14:32:10
728953,1299.0000,1424.0000,1433.0000,1432.0000,1435.0000,1446.0000,1410.0000,1397.0000,53.2715,23.3699,0.0000,0.0000,2021-06-30 14:32:13
728954,1298.0000,1424.0000,1434.0000,1432.0000,1435.0000,1446.0000,1410.0000,1396.0000,53.2715,23.3599,0.0000,0.0000,2021-06-30 14:32:17
728955,1297.0000,1422.0000,1433.0000,1433.0000,1435.0000,1446.0000,1410.0000,1397.0000,53.2715,23.3901,0.0000,0.0000,2021-06-30 14:32:20
728956,1297.0000,1424.0000,1434.0000,1433.0000,1436.0000,1445.0000,1410.0000,1397.0000,53.2715,23.3699,0.0000,0.0000,2021-06-30 14:32:23
728957,1296.0000,1424.0000,1433.0000,1433.0000,1436.0000,1446.0000,1409.0000,1397.0000,53.2532,23.3699,0.0000,0.0000,2021-06-30 14:32:26
728958,1296.0000,1425.0000,1432.0000,1433.0000,1435.0000,1445.0000,1410.0000,1396.0000,53.2532,23.3699,0.0000,0.0000,2021-06-30 14:32:30
728959,1296.0000,1424.0000,1435.0000,1433.0000,1436.0000,1445.0000,1410.0000,1398.0000,53.2532,23.3699,0.0000,0.0000,2021-06-30 14:32:33
728960,1298.0000,1424.0000,1433.0000,1432.0000,1436.0000,1445.0000,1410.0000,1397.0000,53.2532,23.3699,0.0000,0.0000,2021-06-30 14:32:36
728961,1296.0000,1425.0000,1433.0000,1432.0000,1435.0000,1445.0000,1410.0000,1397.0000,53.2532,23.3699,0.0000,0.0000,2021-06-30 14:32:39
728962,1297.0000,1424.0000,1433.0000,1432.0000,1434.0000,1446.0000,1410.0000,1397.0000,53.2532,23.3699,0.0000,0.0000,2021-06-30 14:32:43
728963,1296.0000,1424.0000,1433.0000,1432.0000,1435.0000,1445.0000,1410.0000,1396.0000,53.2532,23.3699,0.0000,0.0000,2021-06-30 14:32:46
728964,1296.0000,1426.0000,1434.0000,1432.0000,1436.0000,1445.0000,1410.0000,1397.0000,53.2532,23.3699,0.0000,0.0000,2021-06-30 14:32:49
728965,1296.0000,1426.0000,1433.0000,1430.0000,1436.0000,1445.0000,1410.0000,1399.0000,53.2349,23.3901,0.0000,0.0000,2021-06-30 14:32:52
728966,1296.0000,1425.0000,1433.0000,1430.0000,1434.0000,1445.0000,1410.0000,1396.0000,53.2349,23.3699,0.0000,0.0000,2021-06-30 14:32:56
728967,1297.0000,1425.0000,1431.0000,1430.0000,1435.0000,1444.0000,1410.0000,1396.0000,53.2349,23.3699,0.0000,0.0000,2021-06-30 14:32:59
728968,1298.0000,1425.0000,1433.0000,1432.0000,1435.0000,1445.0000,1411.0000,1396.0000,53.2349,23.3699,0.0000,0.0000,2021-06-30 14:33:02
728969,1296.0000,1424.0000,1432.0000,1432.0000,1435.0000,1445.0000,1410.0000,1392.0000,53.2349,23.3699,0.0000,0.0000,2021-06-30 14:33:05
728970,1297.0000,1424.0000,1433.0000,1433.0000,1435.0000,1445.0000,1412.0000,1396.0000,53.2349,23.3901,0.0000,0.0000,2021-06-30 14:33:09
728971,1299.0000,1424.0000,1432.0000,1432.0000,1434.0000,1445.0000,1410.0000,1396.0000,53.2349,23.3699,0.0000,0.0000,2021-06-30 14:33:12
728972,1295.0000,1422.0000,1432.0000,1432.0000,1438.0000,1444.0000,1410.0000,1396.0000,53.2349,23.3699,0.0000,0.0000,2021-06-30 14:33:15
728973,1296.0000,1425.0000,1432.0000,1432.0000,1435.0000,1445.0000,1408.0000,1395.0000,53.2349,23.3901,0.0000,0.0000,2021-06-30 14:33:18
728974,1294.0000,1424.0000,1432.0000,1431.0000,1435.0000,1444.0000,1410.0000,1398.0000,53.2349,23.3901,0.0000,0.0000,2021-06-30 14:33:21
728975,1298.0000,1424.0000,1429.0000,1431.0000,1433.0000,1445.0000,1409.0000,1396.0000,53.2166,23.3699,0.0000,0.0000,2021-06-30 14:33:25
728976,1296.0000,1426.0000,1433.0000,1432.0000,1436.0000,1445.0000,1409.0000,1396.0000,53.2166,23.3699,0.0000,0.0000,2021-06-30 14:33:28
728977,1296.0000,1424.0000,1432.0000,1432.0000,1432.0000,1446.0000,1409.0000,1396.0000,53.2166,23.3901,0.0000,0.0000,2021-06-30 14:33:31
728978,1296.0000,1423.0000,1433.0000,1432.0000,1435.0000,1444.0000,1409.0000,1396.0000,53.2166,23.3699,0.0000,0.0000,2021-06-30 14:33:34
728979,1299.0000,1424.0000,1433.0000,1431.0000,1435.0000,1444.0000,1408.0000,1396.0000,53.2166,23.3699,0.0000,0.0000,2021-06-30 14:33:38
728980,1296.0000,1423.0000,1433.0000,1430.0000,1433.0000,1444.0000,1408.0000,1395.0000,53.1982,23.3699,0.0000,0.0000,2021-06-30 14:33:41
728981,1296.0000,1424.0000,1432.0000,1431.0000,1435.0000,1446.0000,1409.0000,1396.0000,53.1982,23.3699,0.0000,0.0000,2021-06-30 14:33:44
728982,1296.0000,1423.0000,1432.0000,1429.0000,1436.0000,1446.0000,1410.0000,1396.0000,53.1982,23.3901,0.0000,0.0000,2021-06-30 14:33:47
728983,1296.0000,1423.0000,1433.0000,1434.0000,1435.0000,1444.0000,1409.0000,1397.0000,53.1982,23.3699,0.0000,0.0000,2021-06-30 14:33:50
728984,1295.0000,1424.0000,1433.0000,1432.0000,1437.0000,1444.0000,1410.0000,1396.0000,53.1982,23.3901,0.0000,0.0000,2021-06-30 14:33:54
728985,1296.0000,1422.0000,1431.0000,1432.0000,1434.0000,1444.0000,1409.0000,1396.0000,53.1982,23.3901,0.0000,0.0000,2021-06-30 14:33:57
728986,1297.0000,1424.0000,1430.0000,1431.0000,1434.0000,1445.0000,1409.0000,1395.0000,53.1982,23.3699,0.0000,0.0000,2021-06-30 14:34:00
728987,1296.0000,1426.0000,1430.0000,1431.0000,1434.0000,1444.0000,1409.0000,1396.0000,53.1982,23.3699,0.0000,0.0000,2021-06-30 14:34:03
728988,1296.0000,1422.0000,1432.0000,1432.0000,1434.0000,1445.0000,1409.0000,1396.0000,53.1982,23.3901,0.0000,0.0000,2021-06-30 14:34:07
728989,1296.0000,1423.0000,1432.0000,1432.0000,1435.0000,1444.0000,1409.0000,1395.0000,53.1799,23.3901,0.0000,0.0000,2021-06-30 14:34:10
728990,1295.0000,1423.0000,1432.0000,1427.0000,1434.0000,1443.0000,1409.0000,1395.0000,53.2104,23.4001,0.0000,0.0000,2021-06-30 14:34:13
728991,1296.0000,1422.0000,1432.0000,1431.0000,1430.0000,1444.0000,1409.0000,1395.0000,53.1982,23.3901,0.0000,0.0000,2021-06-30 14:34:16
728992,1295.0000,1420.0000,1432.0000,1432.0000,1433.0000,1443.0000,1409.0000,1394.0000,53.1799,23.3699,0.0000,0.0000,2021-06-30 14:34:19
728993,1285.0000,1421.0000,1432.0000,1431.0000,1434.0000,1445.0000,1408.0000,1395.0000,53.1799,23.3901,0.0000,0.0000,2021-06-30 14:34:22
728994,1296.0000,1422.0000,1432.0000,1431.0000,1434.0000,1443.0000,1408.0000,1395.0000,53.1799,23.3901,0.0000,0.0000,2021-06-30 14:34:26
728995,1295.0000,1424.0000,1432.0000,1431.0000,1434.0000,1444.0000,1409.0000,1395.0000,53.1799,23.3901,0.0000,0.0000,2021-06-30 14:34:29
728996,1294.0000,1423.0000,1430.0000,1431.0000,1434.0000,1444.0000,1409.0000,1394.0000,53.1799,23.3901,0.0000,0.0000,2021-06-30 14:34:32
728997,1293.0000,1423.0000,1432.0000,1431.0000,1436.0000,1444.0000,1408.0000,1395.0000,53.1921,23.4001,0.0000,0.0000,2021-06-30 14:34:35
728998,1294.0000,1423.0000,1428.0000,1430.0000,1434.0000,1443.0000,1409.0000,1395.0000,53.1921,23.4203,0.0000,0.0000,2021-06-30 14:34:39
728999,1294.0000,1423.0000,1432.0000,1431.0000,1433.0000,1443.0000,1409.0000,1394.0000,53.1738,23.4001,0.0000,0.0000,2021-06-30 14:34:42
729000,1294.0000,1424.0000,1432.0000,1432.0000,1434.0000,1443.0000,1408.0000,1394.0000,53.1921,23.4001,0.0000,0.0000,2021-06-30 14:34:45
729001,1293.0000,1422.0000,1432.0000,1431.0000,1434.0000,1444.0000,1408.0000,1395.0000,53.1921,23.4001,0.0000,0.0000,2021-06-30 14:34:48
729002,1293.0000,1420.0000,1431.0000,1431.0000,1433.0000,1443.0000,1408.0000,1394.0000,53.1799,23.3901,0.0000,0.0000,2021-06-30 14:34:52
729003,1295.0000,1420.0000,1430.0000,1431.0000,1433.0000,1443.0000,1408.0000,1394.0000,53.1738,23.4001,0.0000,0.0000,2021-06-30 14:34:55
729004,1294.0000,1422.0000,1431.0000,1430.0000,1433.0000,1443.0000,1408.0000,1395.0000,53.1738,23.4001,0.0000,0.0000,2021-06-30 14:34:58
729005,1295.0000,1415.0000,1431.0000,1430.0000,1434.0000,1444.0000,1408.0000,1395.0000,53.1738,23.4001,0.0000,0.0000,2021-06-30 14:35:01
729006,1294.0000,1422.0000,1430.0000,1431.0000,1433.0000,1443.0000,1408.0000,1394.0000,53.1616,23.3901,0.0000,0.0000,2021-06-30 14:35:05
729007,1296.0000,1423.0000,1431.0000,1431.0000,1434.0000,1444.0000,1408.0000,1395.0000,53.1555,23.4001,0.0000,0.0000,2021-06-30 14:35:08
729008,1298.0000,1423.0000,1431.0000,1431.0000,1433.0000,1443.0000,1408.0000,1395.0000,53.1555,23.4001,0.0000,0.0000,2021-06-30 14:35:11
729009,1295.0000,1421.0000,1426.0000,1431.0000,1433.0000,1443.0000,1408.0000,1395.0000,53.1555,23.4001,0.0000,0.0000,2021-06-30 14:35:15
729010,1295.0000,1420.0000,1433.0000,1430.0000,1437.0000,1443.0000,1408.0000,1395.0000,53.1555,23.4001,0.0000,0.0000,2021-06-30 14:35:18
729011,1295.0000,1421.0000,1430.0000,1430.0000,1433.0000,1443.0000,1408.0000,1395.0000,53.1555,23.4001,0.0000,0.0000,2021-06-30 14:35:21
729012,1295.0000,1423.0000,1431.0000,1430.0000,1434.0000,1442.0000,1409.0000,1394.0000,53.1555,23.4001,0.0000,0.0000,2021-06-30 14:35:24
729013,1296.0000,1422.0000,1430.0000,1431.0000,1433.0000,1443.0000,1408.0000,1394.0000,53.1372,23.4001,0.0000,0.0000,2021-06-30 14:35:28
729014,1294.0000,1423.0000,1429.0000,1430.0000,1434.0000,1443.0000,1408.0000,1395.0000,53.1555,23.4203,0.0000,0.0000,2021-06-30 14:35:31
729015,1294.0000,1424.0000,1430.0000,1431.0000,1433.0000,1444.0000,1407.0000,1394.0000,53.1372,23.4001,0.0000,0.0000,2021-06-30 14:35:34
729016,1295.0000,1422.0000,1431.0000,1431.0000,1433.0000,1439.0000,1408.0000,1394.0000,53.1372,23.4001,0.0000,0.0000,2021-06-30 14:35:37
729017,1293.0000,1424.0000,1432.0000,1431.0000,1432.0000,1443.0000,1408.0000,1394.0000,53.1372,23.4001,0.0000,0.0000,2021-06-30 14:35:41
729018,1295.0000,1421.0000,1431.0000,1429.0000,1433.0000,1443.0000,1408.0000,1394.0000,53.1372,23.4001,0.0000,0.0000,2021-06-30 14:35:44
729019,1296.0000,1422.0000,1431.0000,1430.0000,1434.0000,1443.0000,1408.0000,1394.0000,53.1372,23.4001,0.0000,0.0000,2021-06-30 14:35:47
729020,1294.0000,1421.0000,1432.0000,1430.0000,1433.0000,1443.0000,1407.0000,1394.0000,53.1189,23.4203,0.0000,0.0000,2021-06-30 14:35:50
729021,1294.0000,1422.0000,1431.0000,1430.0000,1434.0000,1444.0000,1407.0000,1394.0000,53.1189,23.4001,0.0000,0.0000,2021-06-30 14:35:54
729022,1294.0000,1422.0000,1431.0000,1431.0000,1433.0000,1442.0000,1408.0000,1394.0000,53.1189,23.4001,0.0000,0.0000,2021-06-30 14:35:57
729023,1294.0000,1422.0000,1430.0000,1429.0000,1433.0000,1443.0000,1408.0000,1394.0000,53.1372,23.4203,0.0000,0.0000,2021-06-30 14:36:00
729024,1292.0000,1422.0000,1431.0000,1432.0000,1433.0000,1442.0000,1406.0000,1395.0000,53.1189,23.4203,0.0000,0.0000,2021-06-30 14:36:03
729025,1294.0000,1423.0000,1431.0000,1430.0000,1432.0000,1442.0000,1405.0000,1395.0000,53.1189,23.4001,0.0000,0.0000,2021-06-30 14:36:07
729026,1297.0000,1420.0000,1431.0000,1430.0000,1433.0000,1443.0000,1407.0000,1395.0000,53.1189,23.4203,0.0000,0.0000,2021-06-30 14:36:10
729027,1286.0000,1421.0000,1429.0000,1431.0000,1433.0000,1442.0000,1407.0000,1394.0000,53.1189,23.4001,0.0000,0.0000,2021-06-30 14:36:13
729028,1292.0000,1421.0000,1434.0000,1430.0000,1433.0000,1442.0000,1407.0000,1395.0000,53.1189,23.4203,0.0000,0.0000,2021-06-30 14:36:17
729029,1294.0000,1422.0000,1430.0000,1430.0000,1434.0000,1442.0000,1408.0000,1396.0000,53.1189,23.4203,0.0000,0.0000,2021-06-30 14:36:20
729030,1294.0000,1421.0000,1430.0000,1430.0000,1432.0000,1444.0000,1407.0000,1394.0000,53.1189,23.4001,0.0000,0.0000,2021-06-30 14:36:23
729031,1296.0000,1421.0000,1430.0000,1429.0000,1433.0000,1442.0000,1408.0000,1394.0000,53.1189,23.4203,0.0000,0.0000,2021-06-30 14:36:26
729032,1294.0000,1422.0000,1432.0000,1430.0000,1432.0000,1443.0000,1408.0000,1394.0000,53.1006,23.4203,0.0000,0.0000,2021-06-30 14:36:30
729033,1294.0000,1420.0000,1430.0000,1430.0000,1432.0000,1443.0000,1407.0000,1394.0000,53.1189,23.4203,0.0000,0.0000,2021-06-30 14:36:33
729034,1293.0000,1422.0000,1424.0000,1429.0000,1431.0000,1441.0000,1406.0000,1392.0000,53.1006,23.4203,0.0000,0.0000,2021-06-30 14:36:36
729035,1293.0000,1414.0000,1428.0000,1430.0000,1434.0000,1442.0000,1407.0000,1394.0000,53.1006,23.4001,0.0000,0.0000,2021-06-30 14:36:39
729036,1292.0000,1421.0000,1430.0000,1429.0000,1431.0000,1441.0000,1407.0000,1393.0000,53.1189,23.4203,0.0000,0.0000,2021-06-30 14:36:43
729037,1292.0000,1421.0000,1430.0000,1430.0000,1431.0000,1442.0000,1407.0000,1393.0000,53.1006,23.4304,0.0000,0.0000,2021-06-30 14:36:46
729038,1296.0000,1421.0000,1430.0000,1428.0000,1431.0000,1443.0000,1407.0000,1394.0000,53.1006,23.4203,0.0000,0.0000,2021-06-30 14:36:49
729039,1292.0000,1421.0000,1429.0000,1428.0000,1432.0000,1442.0000,1406.0000,1394.0000,53.1006,23.4304,0.0000,0.0000,2021-06-30 14:36:52
729040,1294.0000,1420.0000,1430.0000,1429.0000,1432.0000,1443.0000,1406.0000,1393.0000,53.1006,23.4001,0.0000,0.0000,2021-06-30 14:36:55
729041,1291.0000,1421.0000,1430.0000,1430.0000,1432.0000,1442.0000,1410.0000,1394.0000,53.1006,23.4203,0.0000,0.0000,2021-06-30 14:36:59
729042,1294.0000,1420.0000,1428.0000,1429.0000,1432.0000,1441.0000,1407.0000,1395.0000,53.1006,23.4203,0.0000,0.0000,2021-06-30 14:37:02
729043,1294.0000,1422.0000,1432.0000,1427.0000,1431.0000,1441.0000,1406.0000,1393.0000,53.1006,23.4304,0.0000,0.0000,2021-06-30 14:37:05
729044,1296.0000,1421.0000,1424.0000,1429.0000,1432.0000,1442.0000,1406.0000,1393.0000,53.1006,23.4304,0.0000,0.0000,2021-06-30 14:37:08
729045,1292.0000,1420.0000,1428.0000,1429.0000,1430.0000,1442.0000,1408.0000,1394.0000,53.1006,23.4203,0.0000,0.0000,2021-06-30 14:37:12
729046,1293.0000,1421.0000,1430.0000,1429.0000,1432.0000,1443.0000,1407.0000,1393.0000,53.1006,23.4001,0.0000,0.0000,2021-06-30 14:37:15
729047,1292.0000,1420.0000,1431.0000,1429.0000,1432.0000,1442.0000,1408.0000,1393.0000,53.1006,23.4203,0.0000,0.0000,2021-06-30 14:37:18
729048,1294.0000,1421.0000,1429.0000,1428.0000,1433.0000,1442.0000,1406.0000,1393.0000,53.1006,23.4203,0.0000,0.0000,2021-06-30 14:37:21
729049,1294.0000,1421.0000,1429.0000,1427.0000,1432.0000,1441.0000,1406.0000,1393.0000,53.1006,23.4203,0.0000,0.0000,2021-06-30 14:37:25
729050,1294.0000,1420.0000,1431.0000,1428.0000,1431.0000,1441.0000,1407.0000,1393.0000,53.1006,23.4203,0.0000,0.0000,2021-06-30 14:37:28
729051,1294.0000,1421.0000,1429.0000,1430.0000,1432.0000,1441.0000,1406.0000,1393.0000,53.1006,23.4304,0.0000,0.0000,2021-06-30 14:37:32
729052,1294.0000,1421.0000,1429.0000,1429.0000,1431.0000,1441.0000,1406.0000,1393.0000,53.0762,23.4001,0.0000,0.0000,2021-06-30 14:37:36
729053,1293.0000,1421.0000,1430.0000,1428.0000,1432.0000,1440.0000,1406.0000,1393.0000,53.0762,23.4203,0.0000,0.0000,2021-06-30 14:37:39
729054,1289.0000,1421.0000,1431.0000,1429.0000,1432.0000,1443.0000,1406.0000,1393.0000,53.1006,23.4203,0.0000,0.0000,2021-06-30 14:37:43
729055,1294.0000,1421.0000,1431.0000,1430.0000,1432.0000,1441.0000,1406.0000,1392.0000,53.0762,23.4203,0.0000,0.0000,2021-06-30 14:37:46
729056,1294.0000,1414.0000,1429.0000,1426.0000,1432.0000,1440.0000,1406.0000,1393.0000,53.0762,23.4304,0.0000,0.0000,2021-06-30 14:37:49
729057,1293.0000,1419.0000,1428.0000,1428.0000,1430.0000,1442.0000,1406.0000,1392.0000,53.0762,23.4304,0.0000,0.0000,2021-06-30 14:37:53
729058,1294.0000,1420.0000,1429.0000,1428.0000,1430.0000,1441.0000,1406.0000,1392.0000,53.0762,23.4203,0.0000,0.0000,2021-06-30 14:37:57
729059,1291.0000,1416.0000,1429.0000,1429.0000,1431.0000,1441.0000,1406.0000,1396.0000,53.0762,23.4203,0.0000,0.0000,2021-06-30 14:38:00
729060,1289.0000,1420.0000,1429.0000,1428.0000,1431.0000,1441.0000,1406.0000,1393.0000,53.0762,23.4203,0.0000,0.0000,2021-06-30 14:38:03
729061,1293.0000,1421.0000,1429.0000,1426.0000,1431.0000,1441.0000,1407.0000,1394.0000,53.0762,23.4203,0.0000,0.0000,2021-06-30 14:38:07
729062,1294.0000,1420.0000,1429.0000,1428.0000,1431.0000,1441.0000,1406.0000,1393.0000,53.0762,23.4203,0.0000,0.0000,2021-06-30 14:38:10
729063,1292.0000,1420.0000,1428.0000,1428.0000,1431.0000,1441.0000,1405.0000,1393.0000,53.0762,23.4203,0.0000,0.0000,2021-06-30 14:38:24
729064,1293.0000,1420.0000,1428.0000,1428.0000,1430.0000,1440.0000,1406.0000,1392.0000,53.0762,23.4304,0.0000,0.0000,2021-06-30 14:38:28
729065,1292.0000,1420.0000,1428.0000,1428.0000,1432.0000,1441.0000,1405.0000,1391.0000,53.0579,23.4203,0.0000,0.0000,2021-06-30 14:38:31
729066,1292.0000,1420.0000,1428.0000,1428.0000,1432.0000,1441.0000,1406.0000,1393.0000,53.0579,23.4304,0.0000,0.0000,2021-06-30 14:38:34
729067,1338.0000,1420.0000,1427.0000,1428.0000,1430.0000,1440.0000,1407.0000,1398.0000,53.0579,23.4203,0.0000,0.0000,2021-06-30 14:38:37
729068,1362.0000,1418.0000,1428.0000,1428.0000,1431.0000,1441.0000,1413.0000,1410.0000,53.0579,23.4203,0.0000,0.0000,2021-06-30 14:38:40
729069,1375.0000,1420.0000,1429.0000,1426.0000,1431.0000,1441.0000,1418.0000,1417.0000,53.0579,23.4304,0.0000,0.0000,2021-06-30 14:38:44
729070,1382.0000,1416.0000,1429.0000,1428.0000,1431.0000,1440.0000,1421.0000,1423.0000,53.0579,23.4304,0.0000,0.0000,2021-06-30 14:38:47
729071,1388.0000,1421.0000,1429.0000,1429.0000,1432.0000,1441.0000,1423.0000,1426.0000,53.0579,23.4203,0.0000,0.0000,2021-06-30 14:38:50
729072,1392.0000,1421.0000,1430.0000,1430.0000,1433.0000,1440.0000,1426.0000,1429.0000,53.0579,23.4203,0.0000,0.0000,2021-06-30 14:38:54
729073,1396.0000,1421.0000,1431.0000,1430.0000,1432.0000,1441.0000,1427.0000,1430.0000,53.0579,23.4001,0.0000,0.0000,2021-06-30 14:38:57
729074,1396.0000,1422.0000,1430.0000,1431.0000,1437.0000,1437.0000,1429.0000,1433.0000,53.0579,23.4203,0.0000,0.0000,2021-06-30 14:39:00
729075,1399.0000,1424.0000,1431.0000,1431.0000,1432.0000,1442.0000,1432.0000,1433.0000,53.0396,23.4203,0.0000,0.0000,2021-06-30 14:39:03
729076,1400.0000,1423.0000,1432.0000,1430.0000,1434.0000,1442.0000,1431.0000,1436.0000,53.0396,23.4203,0.0000,0.0000,2021-06-30 14:39:07
729077,1402.0000,1423.0000,1432.0000,1432.0000,1435.0000,1443.0000,1433.0000,1437.0000,53.0396,23.4203,0.0000,0.0000,2021-06-30 14:39:10
729078,1403.0000,1424.0000,1433.0000,1433.0000,1435.0000,1443.0000,1433.0000,1438.0000,53.0396,23.4203,0.0000,0.0000,2021-06-30 14:39:13
729079,1405.0000,1424.0000,1435.0000,1433.0000,1436.0000,1443.0000,1435.0000,1438.0000,53.0396,23.4304,0.0000,0.0000,2021-06-30 14:39:16
729080,1408.0000,1425.0000,1434.0000,1434.0000,1436.0000,1444.0000,1435.0000,1440.0000,53.0396,23.4304,0.0000,0.0000,2021-06-30 14:39:20
729081,1409.0000,1427.0000,1436.0000,1435.0000,1437.0000,1443.0000,1437.0000,1441.0000,53.0396,23.4304,0.0000,0.0000,2021-06-30 14:39:23
729082,1410.0000,1426.0000,1435.0000,1435.0000,1437.0000,1443.0000,1437.0000,1442.0000,53.0396,23.4304,0.0000,0.0000,2021-06-30 14:39:26
729083,1411.0000,1424.0000,1436.0000,1434.0000,1437.0000,1444.0000,1438.0000,1442.0000,53.0396,23.4304,0.0000,0.0000,2021-06-30 14:39:30
729084,1410.0000,1427.0000,1436.0000,1436.0000,1437.0000,1445.0000,1438.0000,1443.0000,53.0396,23.4203,0.0000,0.0000,2021-06-30 14:39:33
729085,1414.0000,1428.0000,1436.0000,1437.0000,1438.0000,1444.0000,1439.0000,1444.0000,53.0396,23.4203,0.0000,0.0000,2021-06-30 14:39:36
729086,1414.0000,1428.0000,1437.0000,1438.0000,1438.0000,1445.0000,1440.0000,1444.0000,53.0396,23.4203,0.0000,0.0000,2021-06-30 14:39:39
729087,1415.0000,1430.0000,1437.0000,1437.0000,1439.0000,1444.0000,1440.0000,1442.0000,53.0396,23.4304,0.0000,0.0000,2021-06-30 14:39:43
729088,1416.0000,1428.0000,1438.0000,1438.0000,1439.0000,1445.0000,1441.0000,1445.0000,53.0212,23.4203,0.0000,0.0000,2021-06-30 14:39:46
729089,1416.0000,1426.0000,1439.0000,1438.0000,1439.0000,1446.0000,1440.0000,1446.0000,53.0212,23.4304,0.0000,0.0000,2021-06-30 14:39:49
729090,1416.0000,1428.0000,1441.0000,1440.0000,1440.0000,1446.0000,1442.0000,1447.0000,53.0212,23.4203,0.0000,0.0000,2021-06-30 14:39:53
729091,1418.0000,1430.0000,1437.0000,1438.0000,1440.0000,1446.0000,1443.0000,1447.0000,53.0396,23.4203,0.0000,0.0000,2021-06-30 14:39:56
729092,1418.0000,1430.0000,1440.0000,1440.0000,1441.0000,1447.0000,1444.0000,1447.0000,53.0396,23.4203,0.0000,0.0000,2021-06-30 14:39:59
729093,1418.0000,1430.0000,1439.0000,1442.0000,1440.0000,1447.0000,1445.0000,1448.0000,53.0396,23.4203,0.0000,0.0000,2021-06-30 14:40:02
729094,1421.0000,1433.0000,1441.0000,1446.0000,1441.0000,1447.0000,1444.0000,1449.0000,53.0396,23.4001,0.0000,0.0000,2021-06-30 14:40:06
729095,1418.0000,1429.0000,1443.0000,1442.0000,1442.0000,1448.0000,1445.0000,1449.0000,53.0334,23.3901,0.0000,0.0000,2021-06-30 14:40:09
729096,1420.0000,1433.0000,1442.0000,1442.0000,1442.0000,1448.0000,1445.0000,1450.0000,53.0396,23.4001,0.0000,0.0000,2021-06-30 14:40:12
729097,1425.0000,1432.0000,1444.0000,1442.0000,1443.0000,1448.0000,1445.0000,1452.0000,53.0396,23.4203,0.0000,0.0000,2021-06-30 14:40:16
729098,1422.0000,1432.0000,1442.0000,1444.0000,1443.0000,1447.0000,1446.0000,1450.0000,53.0396,23.4203,0.0000,0.0000,2021-06-30 14:40:19
729099,1418.0000,1433.0000,1440.0000,1444.0000,1444.0000,1449.0000,1447.0000,1451.0000,53.0396,23.4001,0.0000,0.0000,2021-06-30 14:40:22
729100,1422.0000,1432.0000,1441.0000,1444.0000,1443.0000,1449.0000,1447.0000,1451.0000,53.0396,23.4001,0.0000,0.0000,2021-06-30 14:40:25
729101,1423.0000,1434.0000,1441.0000,1443.0000,1444.0000,1449.0000,1447.0000,1452.0000,53.0579,23.4001,0.0000,0.0000,2021-06-30 14:40:28
729102,1424.0000,1433.0000,1444.0000,1444.0000,1445.0000,1450.0000,1446.0000,1452.0000,53.0579,23.4001,0.0000,0.0000,2021-06-30 14:40:32
729103,1425.0000,1433.0000,1447.0000,1445.0000,1444.0000,1450.0000,1448.0000,1453.0000,53.0579,23.4001,0.0000,0.0000,2021-06-30 14:40:35
729104,1424.0000,1434.0000,1445.0000,1443.0000,1444.0000,1450.0000,1449.0000,1453.0000,53.0518,23.3901,0.0000,0.0000,2021-06-30 14:40:38
729105,1425.0000,1433.0000,1445.0000,1446.0000,1445.0000,1452.0000,1449.0000,1453.0000,53.0701,23.3901,0.0000,0.0000,2021-06-30 14:40:41
729106,1422.0000,1435.0000,1445.0000,1446.0000,1446.0000,1451.0000,1449.0000,1453.0000,53.0701,23.3901,0.0000,0.0000,2021-06-30 14:40:44
729107,1426.0000,1434.0000,1446.0000,1446.0000,1446.0000,1452.0000,1449.0000,1454.0000,53.0762,23.4001,0.0000,0.0000,2021-06-30 14:40:48
729108,1428.0000,1435.0000,1444.0000,1446.0000,1447.0000,1452.0000,1450.0000,1454.0000,53.0884,23.3901,0.0000,0.0000,2021-06-30 14:40:51
729109,1426.0000,1436.0000,1446.0000,1446.0000,1446.0000,1452.0000,1450.0000,1454.0000,53.0884,23.3901,0.0000,0.0000,2021-06-30 14:40:54
729110,1426.0000,1437.0000,1447.0000,1446.0000,1447.0000,1456.0000,1451.0000,1455.0000,53.0884,23.3699,0.0000,0.0000,2021-06-30 14:40:57
729111,1424.0000,1437.0000,1449.0000,1447.0000,1447.0000,1452.0000,1452.0000,1456.0000,53.0884,23.3699,0.0000,0.0000,2021-06-30 14:41:01
729112,1426.0000,1437.0000,1448.0000,1449.0000,1447.0000,1452.0000,1452.0000,1456.0000,53.1128,23.3699,0.0000,0.0000,2021-06-30 14:41:04
729113,1430.0000,1437.0000,1447.0000,1448.0000,1448.0000,1453.0000,1451.0000,1457.0000,53.1128,23.3599,0.0000,0.0000,2021-06-30 14:41:07
729114,1430.0000,1438.0000,1449.0000,1448.0000,1448.0000,1454.0000,1453.0000,1456.0000,53.1128,23.3699,0.0000,0.0000,2021-06-30 14:41:11
729115,1428.0000,1436.0000,1448.0000,1449.0000,1448.0000,1452.0000,1451.0000,1455.0000,53.1311,23.3599,0.0000,0.0000,2021-06-30 14:41:14
729116,1428.0000,1438.0000,1448.0000,1449.0000,1449.0000,1453.0000,1453.0000,1457.0000,53.1311,23.3599,0.0000,0.0000,2021-06-30 14:41:17
729117,1430.0000,1438.0000,1449.0000,1449.0000,1449.0000,1454.0000,1452.0000,1457.0000,53.1433,23.3599,0.0000,0.0000,2021-06-30 14:41:20
729118,1431.0000,1438.0000,1448.0000,1450.0000,1448.0000,1454.0000,1453.0000,1458.0000,53.1433,23.3599,0.0000,0.0000,2021-06-30 14:41:24
729119,1430.0000,1439.0000,1450.0000,1448.0000,1449.0000,1454.0000,1454.0000,1458.0000,53.1555,23.3498,0.0000,0.0000,2021-06-30 14:41:27
729120,1431.0000,1437.0000,1451.0000,1452.0000,1450.0000,1454.0000,1456.0000,1458.0000,53.1555,23.3296,0.0000,0.0000,2021-06-30 14:41:30
729121,1432.0000,1439.0000,1448.0000,1451.0000,1449.0000,1454.0000,1457.0000,1459.0000,53.1738,23.3498,0.0000,0.0000,2021-06-30 14:41:33
729122,1432.0000,1440.0000,1450.0000,1451.0000,1451.0000,1455.0000,1455.0000,1457.0000,53.1738,23.3498,0.0000,0.0000,2021-06-30 14:41:37
729123,1432.0000,1440.0000,1451.0000,1451.0000,1450.0000,1455.0000,1456.0000,1459.0000,53.1738,23.3498,0.0000,0.0000,2021-06-30 14:41:40
729124,1432.0000,1436.0000,1452.0000,1450.0000,1450.0000,1455.0000,1456.0000,1460.0000,53.1921,23.3498,0.0000,0.0000,2021-06-30 14:41:43
729125,1431.0000,1441.0000,1450.0000,1452.0000,1451.0000,1456.0000,1455.0000,1460.0000,53.1921,23.3296,0.0000,0.0000,2021-06-30 14:41:46
729126,1433.0000,1442.0000,1451.0000,1452.0000,1448.0000,1456.0000,1456.0000,1460.0000,53.2104,23.3296,0.0000,0.0000,2021-06-30 14:41:50
729127,1431.0000,1441.0000,1452.0000,1452.0000,1452.0000,1456.0000,1456.0000,1461.0000,53.2104,23.3196,0.0000,0.0000,2021-06-30 14:41:53
729128,1433.0000,1442.0000,1452.0000,1453.0000,1451.0000,1456.0000,1456.0000,1461.0000,53.2288,23.3196,0.0000,0.0000,2021-06-30 14:41:56
729129,1432.0000,1442.0000,1453.0000,1453.0000,1454.0000,1456.0000,1458.0000,1460.0000,53.2288,23.3196,0.0000,0.0000,2021-06-30 14:41:59
729130,1432.0000,1442.0000,1453.0000,1453.0000,1452.0000,1457.0000,1457.0000,1461.0000,53.2349,23.2894,0.0000,0.0000,2021-06-30 14:42:03
729131,1435.0000,1442.0000,1453.0000,1452.0000,1453.0000,1457.0000,1457.0000,1461.0000,53.2349,23.3095,0.0000,0.0000,2021-06-30 14:42:06
729132,1435.0000,1442.0000,1452.0000,1454.0000,1453.0000,1457.0000,1458.0000,1462.0000,53.2532,23.3095,0.0000,0.0000,2021-06-30 14:42:09
729133,1435.0000,1440.0000,1454.0000,1454.0000,1453.0000,1457.0000,1458.0000,1462.0000,53.2532,23.3095,0.0000,0.0000,2021-06-30 14:42:12
729134,1435.0000,1443.0000,1453.0000,1455.0000,1454.0000,1459.0000,1458.0000,1462.0000,53.2715,23.3095,0.0000,0.0000,2021-06-30 14:42:16
729135,1428.0000,1442.0000,1454.0000,1455.0000,1453.0000,1458.0000,1458.0000,1465.0000,53.2715,23.3095,0.0000,0.0000,2021-06-30 14:42:19
729136,1436.0000,1443.0000,1458.0000,1452.0000,1454.0000,1458.0000,1459.0000,1463.0000,53.2898,23.2894,0.0000,0.0000,2021-06-30 14:42:22
729137,1436.0000,1444.0000,1455.0000,1454.0000,1453.0000,1459.0000,1459.0000,1464.0000,53.3081,23.2894,0.0000,0.0000,2021-06-30 14:42:25
729138,1436.0000,1444.0000,1455.0000,1456.0000,1454.0000,1458.0000,1459.0000,1463.0000,53.3081,23.2894,0.0000,0.0000,2021-06-30 14:42:29
729139,1436.0000,1444.0000,1453.0000,1456.0000,1455.0000,1459.0000,1459.0000,1465.0000,53.3264,23.2793,0.0000,0.0000,2021-06-30 14:42:32
729140,1436.0000,1447.0000,1455.0000,1458.0000,1453.0000,1459.0000,1461.0000,1464.0000,53.3264,23.2894,0.0000,0.0000,2021-06-30 14:42:35
729141,1438.0000,1444.0000,1455.0000,1457.0000,1455.0000,1459.0000,1460.0000,1464.0000,53.3447,23.2793,0.0000,0.0000,2021-06-30 14:42:38
729142,1436.0000,1445.0000,1456.0000,1456.0000,1455.0000,1459.0000,1460.0000,1464.0000,53.3325,23.2692,0.0000,0.0000,2021-06-30 14:42:41
729143,1438.0000,1445.0000,1452.0000,1455.0000,1456.0000,1459.0000,1460.0000,1464.0000,53.3508,23.2692,0.0000,0.0000,2021-06-30 14:42:45
729144,1438.0000,1444.0000,1456.0000,1457.0000,1455.0000,1460.0000,1460.0000,1464.0000,53.3752,23.2793,0.0000,0.0000,2021-06-30 14:42:48
729145,1439.0000,1446.0000,1456.0000,1457.0000,1455.0000,1461.0000,1461.0000,1465.0000,53.3691,23.2491,0.0000,0.0000,2021-06-30 14:42:51
729146,1438.0000,1446.0000,1458.0000,1456.0000,1456.0000,1460.0000,1461.0000,1465.0000,53.3691,23.2692,0.0000,0.0000,2021-06-30 14:42:54
729147,1438.0000,1443.0000,1456.0000,1457.0000,1456.0000,1459.0000,1462.0000,1465.0000,53.3875,23.2692,0.0000,0.0000,2021-06-30 14:42:57
729148,1438.0000,1446.0000,1457.0000,1454.0000,1456.0000,1461.0000,1461.0000,1466.0000,53.4058,23.2692,0.0000,0.0000,2021-06-30 14:43:01
729149,1438.0000,1447.0000,1457.0000,1456.0000,1458.0000,1461.0000,1462.0000,1466.0000,53.4058,23.2491,0.0000,0.0000,2021-06-30 14:43:04
729150,1440.0000,1446.0000,1457.0000,1458.0000,1457.0000,1462.0000,1462.0000,1466.0000,53.4241,23.2491,0.0000,0.0000,2021-06-30 14:43:07
729151,1438.0000,1445.0000,1459.0000,1458.0000,1456.0000,1461.0000,1461.0000,1466.0000,53.4241,23.2491,0.0000,0.0000,2021-06-30 14:43:10
729152,1440.0000,1447.0000,1456.0000,1458.0000,1457.0000,1462.0000,1462.0000,1468.0000,53.4424,23.2390,0.0000,0.0000,2021-06-30 14:43:14
729153,1441.0000,1446.0000,1458.0000,1460.0000,1457.0000,1461.0000,1463.0000,1466.0000,53.4607,23.2390,0.0000,0.0000,2021-06-30 14:43:17
729154,1442.0000,1447.0000,1459.0000,1459.0000,1457.0000,1462.0000,1463.0000,1467.0000,53.4607,23.2390,0.0000,0.0000,2021-06-30 14:43:20
729155,1440.0000,1448.0000,1459.0000,1459.0000,1457.0000,1462.0000,1463.0000,1468.0000,53.4729,23.2390,0.0000,0.0000,2021-06-30 14:43:23
729156,1440.0000,1448.0000,1459.0000,1459.0000,1458.0000,1462.0000,1463.0000,1467.0000,53.4729,23.2390,0.0000,0.0000,2021-06-30 14:43:27
729157,1441.0000,1448.0000,1458.0000,1460.0000,1459.0000,1462.0000,1464.0000,1467.0000,53.4912,23.2189,0.0000,0.0000,2021-06-30 14:43:30
729158,1440.0000,1446.0000,1461.0000,1460.0000,1457.0000,1463.0000,1464.0000,1468.0000,53.4912,23.2189,0.0000,0.0000,2021-06-30 14:43:33
729159,1438.0000,1450.0000,1460.0000,1460.0000,1459.0000,1463.0000,1465.0000,1468.0000,53.5095,23.2189,0.0000,0.0000,2021-06-30 14:43:36
729160,1444.0000,1450.0000,1465.0000,1458.0000,1459.0000,1463.0000,1465.0000,1468.0000,53.5095,23.2088,0.0000,0.0000,2021-06-30 14:43:40
729161,1440.0000,1449.0000,1460.0000,1462.0000,1459.0000,1463.0000,1465.0000,1469.0000,53.5278,23.2088,0.0000,0.0000,2021-06-30 14:43:43
729162,1443.0000,1449.0000,1460.0000,1460.0000,1459.0000,1463.0000,1464.0000,1469.0000,53.5278,23.2088,0.0000,0.0000,2021-06-30 14:43:46
729163,1442.0000,1449.0000,1460.0000,1461.0000,1460.0000,1463.0000,1464.0000,1467.0000,53.5339,23.1987,0.0000,0.0000,2021-06-30 14:43:49
729164,1441.0000,1450.0000,1460.0000,1460.0000,1460.0000,1464.0000,1465.0000,1469.0000,53.5339,23.1987,0.0000,0.0000,2021-06-30 14:43:53
729165,1444.0000,1450.0000,1458.0000,1466.0000,1459.0000,1463.0000,1465.0000,1469.0000,53.5522,23.1987,0.0000,0.0000,2021-06-30 14:43:56
729166,1448.0000,1449.0000,1460.0000,1462.0000,1460.0000,1463.0000,1465.0000,1469.0000,53.5706,23.1786,0.0000,0.0000,2021-06-30 14:43:59
729167,1440.0000,1448.0000,1461.0000,1462.0000,1460.0000,1464.0000,1466.0000,1469.0000,53.5706,23.1786,0.0000,0.0000,2021-06-30 14:44:02
729168,1442.0000,1450.0000,1461.0000,1461.0000,1460.0000,1464.0000,1466.0000,1469.0000,53.5889,23.1987,0.0000,0.0000,2021-06-30 14:44:06
729169,1444.0000,1451.0000,1461.0000,1462.0000,1460.0000,1464.0000,1466.0000,1470.0000,53.5889,23.1685,0.0000,0.0000,2021-06-30 14:44:09
729170,1442.0000,1450.0000,1462.0000,1462.0000,1461.0000,1465.0000,1466.0000,1470.0000,53.6072,23.1786,0.0000,0.0000,2021-06-30 14:44:12
729171,1442.0000,1451.0000,1461.0000,1463.0000,1461.0000,1465.0000,1467.0000,1471.0000,53.6255,23.1685,0.0000,0.0000,2021-06-30 14:44:15
729172,1445.0000,1451.0000,1464.0000,1463.0000,1462.0000,1465.0000,1467.0000,1469.0000,53.6255,23.1685,0.0000,0.0000,2021-06-30 14:44:19
729173,1444.0000,1446.0000,1462.0000,1465.0000,1463.0000,1465.0000,1467.0000,1470.0000,53.6255,23.1685,0.0000,0.0000,2021-06-30 14:44:22
729174,1445.0000,1452.0000,1462.0000,1463.0000,1460.0000,1465.0000,1467.0000,1470.0000,53.6438,23.1685,0.0000,0.0000,2021-06-30 14:44:25
729175,1445.0000,1452.0000,1462.0000,1463.0000,1461.0000,1466.0000,1467.0000,1471.0000,53.6316,23.1584,0.0000,0.0000,2021-06-30 14:44:28
729176,1444.0000,1452.0000,1462.0000,1463.0000,1461.0000,1467.0000,1467.0000,1471.0000,53.6499,23.1584,0.0000,0.0000,2021-06-30 14:44:32
729177,1444.0000,1452.0000,1463.0000,1464.0000,1461.0000,1466.0000,1468.0000,1472.0000,53.6804,23.1685,0.0000,0.0000,2021-06-30 14:44:35
729178,1445.0000,1452.0000,1462.0000,1464.0000,1461.0000,1466.0000,1467.0000,1471.0000,53.6682,23.1282,0.0000,0.0000,2021-06-30 14:44:38
729179,1446.0000,1452.0000,1463.0000,1463.0000,1463.0000,1465.0000,1468.0000,1472.0000,53.6865,23.1282,0.0000,0.0000,2021-06-30 14:44:41
729180,1446.0000,1459.0000,1463.0000,1464.0000,1463.0000,1463.0000,1468.0000,1472.0000,53.6865,23.1383,0.0000,0.0000,2021-06-30 14:44:45
729181,1444.0000,1453.0000,1463.0000,1463.0000,1463.0000,1466.0000,1468.0000,1472.0000,53.7048,23.1383,0.0000,0.0000,2021-06-30 14:44:48
729182,1446.0000,1450.0000,1463.0000,1464.0000,1463.0000,1466.0000,1469.0000,1472.0000,53.7048,23.1282,0.0000,0.0000,2021-06-30 14:44:51
729183,1449.0000,1453.0000,1462.0000,1465.0000,1463.0000,1467.0000,1468.0000,1472.0000,53.7231,23.1282,0.0000,0.0000,2021-06-30 14:44:54
729184,1446.0000,1453.0000,1464.0000,1465.0000,1467.0000,1467.0000,1469.0000,1474.0000,53.7231,23.1383,0.0000,0.0000,2021-06-30 14:44:58
729185,1447.0000,1456.0000,1464.0000,1463.0000,1463.0000,1467.0000,1468.0000,1473.0000,53.7415,23.1282,0.0000,0.0000,2021-06-30 14:45:01
729186,1447.0000,1454.0000,1465.0000,1466.0000,1463.0000,1467.0000,1469.0000,1473.0000,53.7476,23.1081,0.0000,0.0000,2021-06-30 14:45:04
729187,1446.0000,1456.0000,1464.0000,1465.0000,1464.0000,1466.0000,1469.0000,1473.0000,53.7598,23.1282,0.0000,0.0000,2021-06-30 14:45:07
729188,1450.0000,1454.0000,1464.0000,1462.0000,1464.0000,1467.0000,1470.0000,1473.0000,53.7659,23.0980,0.0000,0.0000,2021-06-30 14:45:11
729189,1448.0000,1454.0000,1465.0000,1465.0000,1464.0000,1468.0000,1468.0000,1474.0000,53.7659,23.1081,0.0000,0.0000,2021-06-30 14:45:14
729190,1440.0000,1454.0000,1465.0000,1468.0000,1464.0000,1468.0000,1470.0000,1474.0000,53.7842,23.0980,0.0000,0.0000,2021-06-30 14:45:17
729191,1449.0000,1457.0000,1464.0000,1466.0000,1464.0000,1468.0000,1470.0000,1474.0000,53.7842,23.0980,0.0000,0.0000,2021-06-30 14:45:21
729192,1449.0000,1448.0000,1466.0000,1466.0000,1465.0000,1468.0000,1471.0000,1474.0000,53.8025,23.0879,0.0000,0.0000,2021-06-30 14:45:24
729193,1450.0000,1454.0000,1466.0000,1466.0000,1465.0000,1468.0000,1471.0000,1474.0000,53.8025,23.0879,0.0000,0.0000,2021-06-30 14:45:27
729194,1448.0000,1448.0000,1466.0000,1466.0000,1465.0000,1469.0000,1471.0000,1474.0000,53.8269,23.0879,0.0000,0.0000,2021-06-30 14:45:30
729195,1448.0000,1455.0000,1466.0000,1471.0000,1465.0000,1468.0000,1474.0000,1474.0000,53.8269,23.0980,0.0000,0.0000,2021-06-30 14:45:33
729196,1448.0000,1456.0000,1466.0000,1467.0000,1467.0000,1468.0000,1471.0000,1474.0000,53.8452,23.0980,0.0000,0.0000,2021-06-30 14:45:37
729197,1448.0000,1456.0000,1466.0000,1467.0000,1466.0000,1469.0000,1471.0000,1475.0000,53.8452,23.0879,0.0000,0.0000,2021-06-30 14:45:40
729198,1449.0000,1456.0000,1466.0000,1467.0000,1466.0000,1469.0000,1471.0000,1475.0000,53.8818,23.0879,0.0000,0.0000,2021-06-30 14:45:44
729199,1449.0000,1456.0000,1467.0000,1467.0000,1465.0000,1469.0000,1471.0000,1476.0000,53.8818,23.0879,0.0000,0.0000,2021-06-30 14:45:47
729200,1446.0000,1454.0000,1467.0000,1468.0000,1466.0000,1469.0000,1472.0000,1475.0000,53.9001,23.0879,0.0000,0.0000,2021-06-30 14:45:50
729201,1450.0000,1456.0000,1467.0000,1466.0000,1466.0000,1470.0000,1471.0000,1475.0000,53.8879,23.0678,0.0000,0.0000,2021-06-30 14:45:54
729202,1450.0000,1456.0000,1467.0000,1460.0000,1467.0000,1470.0000,1472.0000,1475.0000,53.8879,23.0577,0.0000,0.0000,2021-06-30 14:45:57
729203,1450.0000,1456.0000,1467.0000,1467.0000,1465.0000,1470.0000,1472.0000,1476.0000,53.9062,23.0577,0.0000,0.0000,2021-06-30 14:46:00
729204,1451.0000,1457.0000,1459.0000,1468.0000,1467.0000,1470.0000,1472.0000,1476.0000,53.9062,23.0678,0.0000,0.0000,2021-06-30 14:46:04
729205,1450.0000,1457.0000,1467.0000,1468.0000,1467.0000,1471.0000,1471.0000,1476.0000,53.9246,23.0577,0.0000,0.0000,2021-06-30 14:46:07
729206,1450.0000,1458.0000,1468.0000,1469.0000,1467.0000,1470.0000,1473.0000,1476.0000,53.9246,23.0476,0.0000,0.0000,2021-06-30 14:46:10
729207,1448.0000,1457.0000,1468.0000,1468.0000,1467.0000,1470.0000,1473.0000,1475.0000,53.9429,23.0577,0.0000,0.0000,2021-06-30 14:46:13
729208,1451.0000,1458.0000,1468.0000,1468.0000,1468.0000,1471.0000,1473.0000,1475.0000,53.9429,23.0476,0.0000,0.0000,2021-06-30 14:46:16
729209,1451.0000,1458.0000,1468.0000,1469.0000,1467.0000,1471.0000,1474.0000,1476.0000,53.9612,23.0476,0.0000,0.0000,2021-06-30 14:46:20
729210,1448.0000,1458.0000,1468.0000,1468.0000,1467.0000,1471.0000,1471.0000,1476.0000,53.9673,23.0174,0.0000,0.0000,2021-06-30 14:46:23
729211,1450.0000,1458.0000,1470.0000,1469.0000,1467.0000,1471.0000,1473.0000,1477.0000,53.9673,23.0275,0.0000,0.0000,2021-06-30 14:46:26
729212,1454.0000,1458.0000,1469.0000,1469.0000,1466.0000,1471.0000,1473.0000,1477.0000,53.9856,23.0275,0.0000,0.0000,2021-06-30 14:46:30
729213,1452.0000,1456.0000,1469.0000,1469.0000,1467.0000,1471.0000,1473.0000,1476.0000,53.9856,23.0174,0.0000,0.0000,2021-06-30 14:46:33
729214,1452.0000,1458.0000,1468.0000,1468.0000,1468.0000,1472.0000,1473.0000,1478.0000,54.0039,23.0275,0.0000,0.0000,2021-06-30 14:46:36
729215,1452.0000,1460.0000,1468.0000,1474.0000,1468.0000,1471.0000,1472.0000,1478.0000,54.0039,23.0275,0.0000,0.0000,2021-06-30 14:46:39
729216,1452.0000,1459.0000,1464.0000,1470.0000,1468.0000,1472.0000,1474.0000,1477.0000,54.0222,23.0174,0.0000,0.0000,2021-06-30 14:46:43
729217,1452.0000,1459.0000,1469.0000,1470.0000,1468.0000,1471.0000,1474.0000,1478.0000,54.0222,22.9973,0.0000,0.0000,2021-06-30 14:46:46
729218,1455.0000,1459.0000,1470.0000,1470.0000,1468.0000,1472.0000,1474.0000,1478.0000,54.0405,22.9973,0.0000,0.0000,2021-06-30 14:46:49
729219,1453.0000,1459.0000,1470.0000,1470.0000,1468.0000,1472.0000,1473.0000,1479.0000,54.0405,23.0174,0.0000,0.0000,2021-06-30 14:46:52
729220,1452.0000,1462.0000,1470.0000,1470.0000,1468.0000,1473.0000,1474.0000,1478.0000,54.0405,22.9973,0.0000,0.0000,2021-06-30 14:46:56
729221,1452.0000,1460.0000,1470.0000,1470.0000,1469.0000,1474.0000,1475.0000,1478.0000,54.0466,22.9872,0.0000,0.0000,2021-06-30 14:46:59
729222,1454.0000,1459.0000,1470.0000,1468.0000,1469.0000,1473.0000,1474.0000,1478.0000,54.0771,22.9973,0.0000,0.0000,2021-06-30 14:47:02
729223,1452.0000,1460.0000,1470.0000,1470.0000,1469.0000,1472.0000,1475.0000,1478.0000,54.0771,22.9973,0.0000,0.0000,2021-06-30 14:47:05
729224,1452.0000,1460.0000,1470.0000,1470.0000,1469.0000,1473.0000,1475.0000,1477.0000,54.0649,22.9872,0.0000,0.0000,2021-06-30 14:47:09
729225,1453.0000,1461.0000,1470.0000,1471.0000,1469.0000,1473.0000,1474.0000,1479.0000,54.0771,22.9973,0.0000,0.0000,2021-06-30 14:47:12
729226,1452.0000,1460.0000,1470.0000,1470.0000,1470.0000,1473.0000,1475.0000,1479.0000,54.0833,22.9872,0.0000,0.0000,2021-06-30 14:47:15
729227,1453.0000,1460.0000,1469.0000,1471.0000,1469.0000,1472.0000,1477.0000,1479.0000,54.1199,22.9973,0.0000,0.0000,2021-06-30 14:47:19
729228,1454.0000,1461.0000,1471.0000,1471.0000,1470.0000,1474.0000,1476.0000,1479.0000,54.1260,22.9771,0.0000,0.0000,2021-06-30 14:47:22
729229,1452.0000,1460.0000,1473.0000,1470.0000,1470.0000,1473.0000,1476.0000,1479.0000,54.1260,22.9771,0.0000,0.0000,2021-06-30 14:47:25
729230,1452.0000,1460.0000,1469.0000,1471.0000,1470.0000,1473.0000,1477.0000,1479.0000,54.1443,22.9771,0.0000,0.0000,2021-06-30 14:47:28
729231,1454.0000,1461.0000,1471.0000,1472.0000,1470.0000,1473.0000,1476.0000,1480.0000,54.1321,22.9469,0.0000,0.0000,2021-06-30 14:47:32
729232,1454.0000,1458.0000,1471.0000,1470.0000,1470.0000,1474.0000,1475.0000,1477.0000,54.1626,22.9771,0.0000,0.0000,2021-06-30 14:47:35
729233,1456.0000,1460.0000,1469.0000,1472.0000,1471.0000,1474.0000,1475.0000,1480.0000,54.1626,22.9570,0.0000,0.0000,2021-06-30 14:47:38
729234,1454.0000,1461.0000,1472.0000,1472.0000,1467.0000,1474.0000,1476.0000,1480.0000,54.1504,22.9469,0.0000,0.0000,2021-06-30 14:47:41
729235,1452.0000,1460.0000,1466.0000,1473.0000,1472.0000,1473.0000,1476.0000,1480.0000,54.1687,22.9469,0.0000,0.0000,2021-06-30 14:47:44
729236,1452.0000,1464.0000,1471.0000,1473.0000,1471.0000,1475.0000,1476.0000,1480.0000,54.1687,22.9469,0.0000,0.0000,2021-06-30 14:47:48
729237,1455.0000,1462.0000,1472.0000,1472.0000,1469.0000,1476.0000,1475.0000,1480.0000,54.1870,22.9469,0.0000,0.0000,2021-06-30 14:47:51
729238,1454.0000,1462.0000,1472.0000,1472.0000,1471.0000,1475.0000,1476.0000,1481.0000,54.1870,22.9469,0.0000,0.0000,2021-06-30 14:47:54
729239,1456.0000,1460.0000,1473.0000,1473.0000,1471.0000,1474.0000,1477.0000,1481.0000,54.2053,22.9469,0.0000,0.0000,2021-06-30 14:47:57
729240,1452.0000,1462.0000,1472.0000,1473.0000,1471.0000,1476.0000,1477.0000,1481.0000,54.2236,22.9469,0.0000,0.0000,2021-06-30 14:48:01
729241,1456.0000,1462.0000,1474.0000,1473.0000,1472.0000,1475.0000,1477.0000,1481.0000,54.2236,22.9369,0.0000,0.0000,2021-06-30 14:48:04
729242,1455.0000,1463.0000,1472.0000,1473.0000,1472.0000,1473.0000,1477.0000,1481.0000,54.2236,22.9369,0.0000,0.0000,2021-06-30 14:48:08
729243,1454.0000,1462.0000,1473.0000,1474.0000,1472.0000,1475.0000,1478.0000,1482.0000,54.2236,22.9167,0.0000,0.0000,2021-06-30 14:48:11
729244,1456.0000,1460.0000,1473.0000,1474.0000,1473.0000,1476.0000,1477.0000,1481.0000,54.2419,22.9167,0.0000,0.0000,2021-06-30 14:48:14
729245,1456.0000,1463.0000,1475.0000,1470.0000,1472.0000,1476.0000,1478.0000,1481.0000,54.2419,22.9369,0.0000,0.0000,2021-06-30 14:48:17
729246,1458.0000,1462.0000,1475.0000,1474.0000,1472.0000,1476.0000,1480.0000,1482.0000,54.2603,22.9167,0.0000,0.0000,2021-06-30 14:48:21
729247,1456.0000,1464.0000,1473.0000,1474.0000,1472.0000,1475.0000,1478.0000,1482.0000,54.2603,22.9167,0.0000,0.0000,2021-06-30 14:48:24
729248,1456.0000,1462.0000,1474.0000,1474.0000,1472.0000,1476.0000,1478.0000,1482.0000,54.2786,22.9167,0.0000,0.0000,2021-06-30 14:48:27
729249,1452.0000,1464.0000,1472.0000,1474.0000,1471.0000,1474.0000,1478.0000,1482.0000,54.2786,22.9167,0.0000,0.0000,2021-06-30 14:48:31
729250,1456.0000,1464.0000,1474.0000,1474.0000,1473.0000,1475.0000,1478.0000,1482.0000,54.2847,22.9066,0.0000,0.0000,2021-06-30 14:48:34
729251,1456.0000,1465.0000,1472.0000,1474.0000,1472.0000,1475.0000,1479.0000,1485.0000,54.2969,22.9167,0.0000,0.0000,2021-06-30 14:48:37
729252,1456.0000,1470.0000,1474.0000,1474.0000,1473.0000,1476.0000,1479.0000,1482.0000,54.2847,22.9066,0.0000,0.0000,2021-06-30 14:48:40
729253,1456.0000,1464.0000,1474.0000,1475.0000,1474.0000,1477.0000,1479.0000,1482.0000,54.3030,22.8865,0.0000,0.0000,2021-06-30 14:48:44
729254,1457.0000,1464.0000,1474.0000,1468.0000,1473.0000,1476.0000,1479.0000,1484.0000,54.3030,22.9066,0.0000,0.0000,2021-06-30 14:48:47
729255,1457.0000,1465.0000,1472.0000,1474.0000,1473.0000,1475.0000,1479.0000,1482.0000,54.3030,22.8865,0.0000,0.0000,2021-06-30 14:48:50
729256,1456.0000,1465.0000,1472.0000,1475.0000,1473.0000,1475.0000,1479.0000,1483.0000,54.3213,22.8865,0.0000,0.0000,2021-06-30 14:48:54
729257,1459.0000,1464.0000,1475.0000,1475.0000,1474.0000,1476.0000,1479.0000,1482.0000,54.3213,22.8865,0.0000,0.0000,2021-06-30 14:48:57
729258,1458.0000,1464.0000,1474.0000,1475.0000,1473.0000,1477.0000,1480.0000,1483.0000,54.3396,22.8865,0.0000,0.0000,2021-06-30 14:49:00
729259,1456.0000,1465.0000,1474.0000,1474.0000,1474.0000,1477.0000,1478.0000,1483.0000,54.3396,22.8865,0.0000,0.0000,2021-06-30 14:49:04
729260,1458.0000,1465.0000,1474.0000,1475.0000,1475.0000,1478.0000,1480.0000,1483.0000,54.3579,22.8865,0.0000,0.0000,2021-06-30 14:49:07
729261,1458.0000,1465.0000,1475.0000,1474.0000,1474.0000,1477.0000,1480.0000,1483.0000,54.3579,22.8764,0.0000,0.0000,2021-06-30 14:49:10
729262,1458.0000,1465.0000,1475.0000,1475.0000,1474.0000,1477.0000,1480.0000,1483.0000,54.3579,22.8764,0.0000,0.0000,2021-06-30 14:49:13
729263,1456.0000,1464.0000,1473.0000,1477.0000,1474.0000,1477.0000,1480.0000,1483.0000,54.3762,22.8764,0.0000,0.0000,2021-06-30 14:49:17
729264,1458.0000,1464.0000,1476.0000,1476.0000,1476.0000,1478.0000,1480.0000,1483.0000,54.3640,22.8664,0.0000,0.0000,2021-06-30 14:49:20
729265,1458.0000,1465.0000,1475.0000,1476.0000,1475.0000,1477.0000,1480.0000,1484.0000,54.4006,22.8764,0.0000,0.0000,2021-06-30 14:49:23
729266,1458.0000,1468.0000,1476.0000,1476.0000,1475.0000,1479.0000,1480.0000,1484.0000,54.3823,22.8664,0.0000,0.0000,2021-06-30 14:49:27
729267,1458.0000,1465.0000,1476.0000,1477.0000,1475.0000,1478.0000,1481.0000,1484.0000,54.3823,22.8664,0.0000,0.0000,2021-06-30 14:49:30
729268,1458.0000,1464.0000,1476.0000,1474.0000,1474.0000,1478.0000,1480.0000,1484.0000,54.3823,22.8664,0.0000,0.0000,2021-06-30 14:49:33
729269,1459.0000,1466.0000,1475.0000,1476.0000,1479.0000,1478.0000,1481.0000,1483.0000,54.4067,22.8664,0.0000,0.0000,2021-06-30 14:49:36
729270,1459.0000,1466.0000,1476.0000,1476.0000,1475.0000,1478.0000,1481.0000,1485.0000,54.4250,22.8462,0.0000,0.0000,2021-06-30 14:49:40
729271,1458.0000,1466.0000,1476.0000,1476.0000,1475.0000,1478.0000,1482.0000,1483.0000,54.4250,22.8664,0.0000,0.0000,2021-06-30 14:49:43
729272,1460.0000,1464.0000,1474.0000,1476.0000,1474.0000,1478.0000,1481.0000,1484.0000,54.4434,22.8462,0.0000,0.0000,2021-06-30 14:49:46
729273,1458.0000,1467.0000,1476.0000,1477.0000,1475.0000,1479.0000,1480.0000,1484.0000,54.4250,22.8462,0.0000,0.0000,2021-06-30 14:49:50
729274,1459.0000,1466.0000,1477.0000,1477.0000,1475.0000,1478.0000,1480.0000,1484.0000,54.4434,22.8361,0.0000,0.0000,2021-06-30 14:49:53
729275,1456.0000,1466.0000,1477.0000,1477.0000,1475.0000,1478.0000,1482.0000,1485.0000,54.4617,22.8664,0.0000,0.0000,2021-06-30 14:49:56
729276,1460.0000,1467.0000,1477.0000,1481.0000,1476.0000,1479.0000,1477.0000,1484.0000,54.4617,22.8462,0.0000,0.0000,2021-06-30 14:49:59
729277,1460.0000,1464.0000,1477.0000,1475.0000,1475.0000,1479.0000,1482.0000,1483.0000,54.4800,22.8462,0.0000,0.0000,2021-06-30 14:50:03
729278,1458.0000,1465.0000,1479.0000,1476.0000,1476.0000,1479.0000,1482.0000,1485.0000,54.4617,22.8462,0.0000,0.0000,2021-06-30 14:50:06
729279,1460.0000,1465.0000,1478.0000,1479.0000,1476.0000,1479.0000,1481.0000,1485.0000,54.4800,22.8361,0.0000,0.0000,2021-06-30 14:50:09
729280,1460.0000,1466.0000,1479.0000,1478.0000,1476.0000,1479.0000,1482.0000,1484.0000,54.4983,22.8361,0.0000,0.0000,2021-06-30 14:50:13
729281,1460.0000,1468.0000,1477.0000,1478.0000,1476.0000,1480.0000,1482.0000,1486.0000,54.4983,22.8361,0.0000,0.0000,2021-06-30 14:50:16
729282,1460.0000,1468.0000,1477.0000,1476.0000,1476.0000,1479.0000,1482.0000,1485.0000,54.5166,22.8361,0.0000,0.0000,2021-06-30 14:50:19
729283,1460.0000,1472.0000,1478.0000,1478.0000,1476.0000,1479.0000,1482.0000,1486.0000,54.5166,22.8361,0.0000,0.0000,2021-06-30 14:50:22
729284,1461.0000,1468.0000,1478.0000,1478.0000,1477.0000,1478.0000,1482.0000,1486.0000,54.5166,22.8361,0.0000,0.0000,2021-06-30 14:50:26
729285,1461.0000,1467.0000,1477.0000,1478.0000,1477.0000,1478.0000,1482.0000,1485.0000,54.5227,22.8261,0.0000,0.0000,2021-06-30 14:50:29
729286,1460.0000,1470.0000,1476.0000,1478.0000,1477.0000,1480.0000,1483.0000,1486.0000,54.5227,22.8261,0.0000,0.0000,2021-06-30 14:50:32
729287,1458.0000,1468.0000,1478.0000,1475.0000,1477.0000,1480.0000,1482.0000,1486.0000,54.5227,22.8059,0.0000,0.0000,2021-06-30 14:50:36
729288,1460.0000,1468.0000,1478.0000,1478.0000,1477.0000,1479.0000,1483.0000,1486.0000,54.5532,22.8361,0.0000,0.0000,2021-06-30 14:50:39
729289,1463.0000,1468.0000,1477.0000,1480.0000,1477.0000,1480.0000,1483.0000,1486.0000,54.5410,22.8261,0.0000,0.0000,2021-06-30 14:50:42
729290,1461.0000,1468.0000,1478.0000,1479.0000,1477.0000,1480.0000,1483.0000,1486.0000,54.5410,22.8261,0.0000,0.0000,2021-06-30 14:50:46
729291,1458.0000,1468.0000,1478.0000,1478.0000,1475.0000,1481.0000,1482.0000,1486.0000,54.5593,22.8059,0.0000,0.0000,2021-06-30 14:50:49
729292,1460.0000,1469.0000,1478.0000,1479.0000,1477.0000,1480.0000,1483.0000,1486.0000,54.5593,22.8059,0.0000,0.0000,2021-06-30 14:50:52
729293,1462.0000,1468.0000,1479.0000,1476.0000,1477.0000,1481.0000,1483.0000,1487.0000,54.5593,22.8059,0.0000,0.0000,2021-06-30 14:50:56
729294,1460.0000,1468.0000,1478.0000,1474.0000,1479.0000,1480.0000,1483.0000,1487.0000,54.5776,22.8059,0.0000,0.0000,2021-06-30 14:50:59
729295,1459.0000,1468.0000,1479.0000,1477.0000,1478.0000,1481.0000,1483.0000,1487.0000,54.5776,22.8059,0.0000,0.0000,2021-06-30 14:51:02
729296,1462.0000,1468.0000,1477.0000,1481.0000,1478.0000,1481.0000,1482.0000,1487.0000,54.5959,22.8059,0.0000,0.0000,2021-06-30 14:51:06
729297,1461.0000,1469.0000,1473.0000,1479.0000,1478.0000,1481.0000,1484.0000,1487.0000,54.5837,22.7858,0.0000,0.0000,2021-06-30 14:51:09
729298,1461.0000,1470.0000,1480.0000,1479.0000,1479.0000,1482.0000,1483.0000,1486.0000,54.5959,22.8059,0.0000,0.0000,2021-06-30 14:51:12
729299,1462.0000,1470.0000,1479.0000,1480.0000,1478.0000,1482.0000,1484.0000,1486.0000,54.6021,22.7858,0.0000,0.0000,2021-06-30 14:51:15
729300,1460.0000,1468.0000,1479.0000,1479.0000,1477.0000,1483.0000,1484.0000,1488.0000,54.6143,22.7959,0.0000,0.0000,2021-06-30 14:51:19
729301,1462.0000,1469.0000,1478.0000,1480.0000,1478.0000,1482.0000,1484.0000,1487.0000,54.6143,22.7959,0.0000,0.0000,2021-06-30 14:51:22
729302,1462.0000,1469.0000,1479.0000,1479.0000,1479.0000,1481.0000,1484.0000,1488.0000,54.6326,22.7959,0.0000,0.0000,2021-06-30 14:51:25
729303,1462.0000,1469.0000,1479.0000,1480.0000,1479.0000,1482.0000,1485.0000,1486.0000,54.6326,22.7959,0.0000,0.0000,2021-06-30 14:51:28
729304,1462.0000,1470.0000,1480.0000,1480.0000,1478.0000,1481.0000,1485.0000,1488.0000,54.6387,22.7858,0.0000,0.0000,2021-06-30 14:51:32
729305,1462.0000,1470.0000,1480.0000,1480.0000,1479.0000,1478.0000,1484.0000,1488.0000,54.6204,22.7858,0.0000,0.0000,2021-06-30 14:51:35
729306,1463.0000,1469.0000,1478.0000,1480.0000,1479.0000,1481.0000,1484.0000,1488.0000,54.6387,22.7858,0.0000,0.0000,2021-06-30 14:51:38
729307,1463.0000,1470.0000,1480.0000,1481.0000,1479.0000,1483.0000,1485.0000,1488.0000,54.6387,22.7656,0.0000,0.0000,2021-06-30 14:51:42
729308,1462.0000,1468.0000,1480.0000,1480.0000,1479.0000,1482.0000,1485.0000,1488.0000,54.6570,22.7858,0.0000,0.0000,2021-06-30 14:51:45
729309,1465.0000,1468.0000,1480.0000,1481.0000,1477.0000,1483.0000,1482.0000,1488.0000,54.6570,22.7858,0.0000,0.0000,2021-06-30 14:51:48
729310,1464.0000,1470.0000,1482.0000,1480.0000,1479.0000,1482.0000,1484.0000,1489.0000,54.6570,22.7656,0.0000,0.0000,2021-06-30 14:51:51
729311,1463.0000,1471.0000,1480.0000,1480.0000,1479.0000,1482.0000,1485.0000,1488.0000,54.6570,22.7858,0.0000,0.0000,2021-06-30 14:51:54
729312,1462.0000,1470.0000,1483.0000,1480.0000,1479.0000,1483.0000,1489.0000,1489.0000,54.6570,22.7656,0.0000,0.0000,2021-06-30 14:51:58
729313,1462.0000,1468.0000,1480.0000,1481.0000,1479.0000,1483.0000,1485.0000,1490.0000,54.6814,22.7858,0.0000,0.0000,2021-06-30 14:52:01
729314,1464.0000,1469.0000,1481.0000,1481.0000,1479.0000,1483.0000,1486.0000,1489.0000,54.6814,22.7656,0.0000,0.0000,2021-06-30 14:52:04
729315,1461.0000,1471.0000,1481.0000,1481.0000,1481.0000,1483.0000,1482.0000,1488.0000,54.6997,22.7656,0.0000,0.0000,2021-06-30 14:52:07
729316,1461.0000,1472.0000,1481.0000,1480.0000,1480.0000,1484.0000,1484.0000,1489.0000,54.6997,22.7556,0.0000,0.0000,2021-06-30 14:52:11
729317,1466.0000,1471.0000,1479.0000,1481.0000,1480.0000,1483.0000,1487.0000,1489.0000,54.6997,22.7556,0.0000,0.0000,2021-06-30 14:52:14
729318,1466.0000,1471.0000,1481.0000,1480.0000,1480.0000,1482.0000,1485.0000,1489.0000,54.7180,22.7556,0.0000,0.0000,2021-06-30 14:52:17
729319,1464.0000,1471.0000,1482.0000,1482.0000,1480.0000,1482.0000,1486.0000,1489.0000,54.6997,22.7656,0.0000,0.0000,2021-06-30 14:52:20
729320,1465.0000,1473.0000,1481.0000,1482.0000,1480.0000,1483.0000,1486.0000,1489.0000,54.7180,22.7656,0.0000,0.0000,2021-06-30 14:52:24
729321,1462.0000,1477.0000,1481.0000,1483.0000,1481.0000,1483.0000,1487.0000,1489.0000,54.7180,22.7556,0.0000,0.0000,2021-06-30 14:52:27
729322,1464.0000,1473.0000,1481.0000,1482.0000,1480.0000,1484.0000,1486.0000,1490.0000,54.7180,22.7556,0.0000,0.0000,2021-06-30 14:52:30
729323,1464.0000,1471.0000,1481.0000,1483.0000,1480.0000,1484.0000,1486.0000,1490.0000,54.7363,22.7556,0.0000,0.0000,2021-06-30 14:52:34
729324,1464.0000,1469.0000,1481.0000,1481.0000,1480.0000,1483.0000,1485.0000,1485.0000,54.7363,22.7556,0.0000,0.0000,2021-06-30 14:52:37
729325,1463.0000,1472.0000,1482.0000,1481.0000,1480.0000,1483.0000,1486.0000,1488.0000,54.7363,22.7556,0.0000,0.0000,2021-06-30 14:52:40
729326,1465.0000,1472.0000,1482.0000,1482.0000,1481.0000,1483.0000,1486.0000,1490.0000,54.7241,22.7354,0.0000,0.0000,2021-06-30 14:52:43
729327,1465.0000,1472.0000,1482.0000,1482.0000,1481.0000,1484.0000,1487.0000,1491.0000,54.7241,22.7354,0.0000,0.0000,2021-06-30 14:52:47
729328,1464.0000,1472.0000,1482.0000,1482.0000,1480.0000,1484.0000,1487.0000,1490.0000,54.7424,22.7354,0.0000,0.0000,2021-06-30 14:52:50
729329,1464.0000,1472.0000,1482.0000,1482.0000,1480.0000,1484.0000,1486.0000,1490.0000,54.7424,22.7253,0.0000,0.0000,2021-06-30 14:52:53
729330,1465.0000,1472.0000,1481.0000,1484.0000,1482.0000,1484.0000,1486.0000,1490.0000,54.7424,22.7354,0.0000,0.0000,2021-06-30 14:52:57
729331,1465.0000,1472.0000,1482.0000,1482.0000,1481.0000,1484.0000,1487.0000,1491.0000,54.7424,22.7354,0.0000,0.0000,2021-06-30 14:53:00
729332,1465.0000,1472.0000,1484.0000,1482.0000,1481.0000,1484.0000,1487.0000,1491.0000,54.7424,22.7253,0.0000,0.0000,2021-06-30 14:53:03
729333,1468.0000,1472.0000,1480.0000,1482.0000,1480.0000,1484.0000,1487.0000,1490.0000,54.7424,22.7354,0.0000,0.0000,2021-06-30 14:53:06
729334,1466.0000,1472.0000,1483.0000,1482.0000,1481.0000,1483.0000,1488.0000,1490.0000,54.7607,22.7354,0.0000,0.0000,2021-06-30 14:53:10
729335,1466.0000,1472.0000,1482.0000,1482.0000,1481.0000,1485.0000,1487.0000,1490.0000,54.7607,22.7354,0.0000,0.0000,2021-06-30 14:53:13
729336,1466.0000,1473.0000,1483.0000,1482.0000,1480.0000,1484.0000,1487.0000,1491.0000,54.7607,22.7253,0.0000,0.0000,2021-06-30 14:53:16
729337,1466.0000,1473.0000,1483.0000,1483.0000,1481.0000,1485.0000,1487.0000,1491.0000,54.7791,22.7253,0.0000,0.0000,2021-06-30 14:53:19
729338,1466.0000,1472.0000,1481.0000,1484.0000,1482.0000,1484.0000,1487.0000,1491.0000,54.7791,22.7253,0.0000,0.0000,2021-06-30 14:53:23
729339,1464.0000,1473.0000,1483.0000,1483.0000,1482.0000,1484.0000,1487.0000,1491.0000,54.7791,22.7354,0.0000,0.0000,2021-06-30 14:53:26
729340,1466.0000,1469.0000,1483.0000,1483.0000,1483.0000,1485.0000,1487.0000,1491.0000,54.7791,22.7153,0.0000,0.0000,2021-06-30 14:53:29
729341,1467.0000,1472.0000,1483.0000,1483.0000,1480.0000,1487.0000,1488.0000,1493.0000,54.7974,22.7253,0.0000,0.0000,2021-06-30 14:53:33
729342,1466.0000,1472.0000,1483.0000,1484.0000,1481.0000,1485.0000,1488.0000,1491.0000,54.7974,22.7253,0.0000,0.0000,2021-06-30 14:53:36
729343,1466.0000,1473.0000,1482.0000,1483.0000,1482.0000,1485.0000,1488.0000,1491.0000,54.8157,22.7153,0.0000,0.0000,2021-06-30 14:53:39
729344,1464.0000,1474.0000,1481.0000,1484.0000,1479.0000,1485.0000,1488.0000,1491.0000,54.7974,22.7253,0.0000,0.0000,2021-06-30 14:53:42
729345,1466.0000,1474.0000,1484.0000,1484.0000,1482.0000,1485.0000,1489.0000,1491.0000,54.7974,22.7253,0.0000,0.0000,2021-06-30 14:53:46
